9.959027481079101296e-01
9.452918434143066095e-01
8.450981521606445446e-01
6.205035543441772550e-01
4.658939313888549871e-01
3.298070716857910423e-01
2.865876603126525923e-01
2.692241740226745672e-01
2.572189116477966442e-01
2.469422531127929699e-01
2.372426462173461981e-01
2.290832638740539495e-01
2.188877677917480391e-01
2.098113763332366821e-01
1.994972324371337979e-01
1.907879137992858909e-01
1.854404139518737726e-01
1.813216614723205666e-01
1.751914298534393288e-01
1.703823184967040993e-01
1.651115357875823919e-01
1.606617033481597956e-01
1.565760385990142833e-01
1.526964735984802368e-01
1.499499547481536743e-01
1.452240931987762440e-01
1.415566205978393555e-01
1.381581056118011408e-01
1.349310934543609675e-01
1.321764647960662897e-01
1.297295320034027033e-01
1.279501676559448298e-01
1.250192606449127275e-01
1.237364017963409474e-01
1.221563458442687933e-01
1.195453536510467513e-01
1.180947697162628152e-01
1.169234383106231706e-01
1.160352909564971863e-01
1.147730171680450412e-01
1.143069434165954606e-01
1.133657610416412415e-01
1.133191788196563771e-01
1.123583650588989291e-01
1.101656579971313499e-01
1.095074498653411804e-01
1.081281530857086115e-01
1.076235210895538363e-01
1.071142077445983859e-01
1.060107898712158159e-01
1.045849299430847146e-01
1.039266932010650679e-01
1.036658465862274198e-01
1.031214416027069064e-01
1.028603899478912342e-01
1.026480948925018316e-01
1.022831392288208047e-01
1.019205731153488143e-01
1.018588227033615096e-01
1.014696413278579762e-01
1.011587792634963956e-01
1.008552306890487665e-01
1.006763380765914873e-01
1.006354969739913924e-01
1.007234394550323431e-01
9.987526476383208618e-02
9.948417961597443016e-02
9.917176663875579279e-02
9.889079809188842940e-02
9.850137472152710461e-02
9.831130266189574973e-02
9.819176971912384200e-02
9.826508402824402078e-02
9.767918407917022816e-02
9.754502356052398293e-02
9.735687255859375167e-02
9.678655326366424061e-02
9.647099733352661188e-02
9.628449440002441462e-02
9.609400868415832186e-02
9.584368765354156494e-02
9.562795579433441828e-02
9.552515208721161499e-02
9.531833291053772028e-02
9.531209766864776056e-02
9.487369179725646529e-02
9.449771106243133600e-02
9.423706769943236694e-02
9.415468811988830788e-02
9.402556121349334162e-02
9.383414626121520941e-02
9.346369326114654930e-02
9.330800473690033237e-02
9.305617153644561712e-02
9.286755919456482489e-02
9.267385482788086104e-02
9.242958664894103393e-02
9.217186331748962458e-02
9.198758840560912475e-02
9.166665792465210350e-02
9.115466892719269187e-02
9.095246076583862749e-02
9.078060448169708585e-02
9.076308667659759022e-02
9.061577737331390214e-02
9.049646198749541903e-02
9.042603552341460516e-02
9.024954497814179077e-02
9.025539815425873136e-02
9.020636558532714455e-02
9.018312573432922530e-02
8.993921995162963701e-02
8.989476680755614790e-02
8.972630202770233432e-02
8.966770768165588379e-02
8.951862156391143799e-02
8.933418154716492310e-02
8.920090675354003240e-02
8.913687229156494474e-02
8.906852126121521385e-02
8.897660195827483687e-02
8.882896840572357400e-02
8.872628629207611473e-02
8.878123402595519686e-02
8.861446022987365390e-02
8.852748334407806174e-02
8.843968033790589045e-02
8.830117642879485584e-02
8.813645482063293957e-02
8.807482540607453059e-02
8.795825183391571545e-02
8.794941127300262562e-02
8.795323729515075462e-02
8.784173250198364091e-02
8.763167440891266036e-02
8.750513732433319591e-02
8.740519821643828735e-02
8.730621993541717862e-02
8.717716872692107821e-02
8.731046795845032182e-02
8.709108829498291016e-02
8.693248689174652710e-02
8.689475715160370484e-02
8.687871277332305520e-02
8.671841382980347013e-02
8.660086333751677856e-02
8.644378900527954768e-02
8.634662806987762618e-02
8.625044941902160200e-02
8.613947331905365268e-02
8.591412365436554288e-02
8.582181870937347079e-02
8.581277370452880526e-02
8.572436988353729359e-02
8.568615436553955744e-02
8.565958142280578891e-02
8.566712081432342751e-02
8.561367988586425504e-02
8.549622774124145119e-02
8.544261932373047042e-02
8.542347967624663863e-02
8.537705719470978227e-02
8.535962641239165649e-02
8.528426587581634799e-02
8.523346543312072809e-02
8.515468716621399370e-02
8.513778269290923906e-02
8.507981300354003351e-02
8.509950697422027921e-02
8.503990530967713013e-02
8.500665128231048306e-02
8.491268277168273482e-02
8.484828770160675326e-02
8.480838358402252586e-02
8.476058840751647672e-02
8.471856474876403309e-02
8.466720402240753007e-02
8.460145354270935669e-02
8.458480656147003562e-02
8.460901737213134821e-02
8.447497725486755038e-02
8.453596591949462391e-02
8.435776293277739979e-02
8.437868952751159668e-02
8.428234755992888849e-02
8.421464562416076938e-02
8.418322324752808283e-02
8.414639234542846402e-02
8.409667491912842241e-02
8.404285669326781727e-02
8.402815520763397272e-02
8.399828374385834295e-02
8.398997008800507258e-02
8.387067437171935591e-02
8.383482635021209661e-02
8.377662241458892767e-02
8.373182535171508345e-02
8.369326710700988881e-02
8.363581359386444702e-02
8.360307991504668801e-02
8.348691880702972801e-02
8.343265593051910067e-02
8.341190576553345060e-02
8.339677572250366044e-02
8.336578190326690563e-02
8.334781408309936690e-02
8.331364810466766746e-02
8.330378651618958186e-02
8.330385148525237815e-02
8.325251519680022805e-02
8.323873519897460882e-02
8.321352660655975675e-02
8.320654213428496648e-02
8.320805490016937311e-02
8.316791355609894076e-02
8.313926219940186157e-02
8.311723709106445812e-02
8.306994557380675825e-02
8.304284214973449429e-02
8.302067637443542869e-02
8.300331056118011308e-02
8.297116339206694891e-02
8.295611321926116277e-02
8.292732357978821467e-02
8.292263686656951849e-02
8.288721680641174261e-02
8.286915063858031616e-02
8.285307109355927180e-02
8.283393025398254339e-02
8.279665589332579900e-02
8.276166200637817549e-02
8.275776267051697388e-02
8.273318827152252586e-02
8.273388445377349854e-02
8.273897588253020796e-02
8.266580581665039507e-02
8.263330459594726840e-02
8.261876881122588723e-02
8.258336484432220181e-02
8.256092369556426724e-02
8.253728926181792824e-02
8.251327693462372215e-02
8.249261558055877297e-02
8.248848557472228393e-02
8.246116280555725042e-02
8.242175817489623413e-02
8.240622758865356889e-02
8.237592935562133845e-02
8.235677063465118852e-02
8.235991060733795222e-02
8.227814674377441351e-02
8.226088941097259299e-02
8.224169433116912398e-02
8.223490536212921254e-02
8.222302198410033625e-02
8.221747219562530740e-02
8.219470500946045310e-02
8.219372689723968006e-02
8.218094468116760032e-02
8.216452419757842851e-02
8.215290069580077903e-02
8.214549243450164351e-02
8.214301288127899558e-02
8.212891280651092585e-02
8.210129380226134643e-02
8.209433853626250943e-02
8.209527254104614924e-02
8.209696173667907493e-02
8.206670641899109497e-02
8.205781579017638883e-02
8.203772246837616466e-02
8.202985167503357156e-02
8.202058970928191584e-02
8.200325727462769165e-02
8.199138820171356090e-02
8.198231577873230091e-02
8.196425080299377108e-02
8.196091175079345259e-02
8.195280313491820623e-02
8.195217788219451294e-02
8.193322956562042181e-02
8.192145824432373047e-02
8.192860066890716997e-02
8.188908874988555520e-02
8.187329947948455977e-02
8.185970425605773593e-02
8.184783041477203258e-02
8.184048354625701738e-02
8.182405591011047974e-02
8.182094097137451727e-02
8.181425034999847967e-02
8.179572165012359564e-02
8.179263710975646917e-02
8.180022239685058594e-02
8.175768911838530995e-02
8.175849258899688110e-02
8.173394680023193803e-02
8.172004997730254738e-02
8.171735882759094405e-02
8.170263528823852595e-02
8.166838228702545666e-02
8.167589664459228016e-02
8.165801286697388361e-02
8.165215432643890825e-02
8.164037585258483720e-02
8.163732111454009843e-02
8.163332462310790572e-02
8.163036167621612327e-02
8.162316977977752963e-02
8.162009835243225209e-02
8.161301910877227783e-02
8.160399258136749601e-02
8.160073280334473322e-02
8.160347819328307717e-02
8.159797966480254738e-02
8.158251643180847168e-02
8.157573640346527100e-02
8.157198071479797308e-02
8.157228529453278143e-02
8.155624628067016657e-02
8.155015528202057273e-02
8.154379725456237238e-02
8.153683543205261786e-02
8.152886807918548195e-02
8.152862846851348377e-02
8.152829587459564653e-02
8.153502881526947244e-02
8.150548994541167991e-02
8.150281727313996027e-02
8.149639666080474298e-02
8.148908793926239180e-02
8.148340761661529430e-02
8.148339629173279031e-02
8.147215068340302180e-02
8.146648108959197998e-02
8.146002471446990578e-02
8.145541965961455855e-02
8.144398331642151156e-02
8.144363164901732843e-02
8.143925964832306186e-02
8.143226981163025069e-02
8.142686724662780151e-02
8.141868948936462069e-02
8.141211211681366466e-02
8.140963077545165794e-02
8.140639781951904130e-02
8.139104604721068836e-02
8.138586938381195401e-02
8.138092100620269997e-02
8.138241350650787798e-02
8.136173784732818326e-02
8.135756373405456099e-02
8.135838866233825739e-02
8.135127186775208130e-02
8.134680628776549960e-02
8.134663045406341497e-02
8.134212672710418313e-02
8.133846640586853138e-02
8.133464694023131991e-02
8.133291840553283358e-02
8.133073687553406261e-02
8.133350193500518688e-02
8.132621109485625721e-02
8.132248878479003684e-02
8.131691932678222767e-02
8.131567656993865523e-02
8.131231665611267367e-02
8.130656838417053833e-02
8.130598843097686101e-02
8.130079627037048451e-02
8.130247354507445789e-02
8.129672646522521917e-02
8.129363656044005793e-02
8.129069209098815918e-02
8.128669917583465632e-02
8.128507912158966509e-02
8.128184974193572443e-02
8.128008961677551936e-02
8.127679169178009255e-02
8.127298474311828169e-02
8.126954495906829612e-02
8.126723051071166326e-02
8.126245021820067971e-02
8.126128494739531805e-02
8.125632226467133234e-02
8.125422477722167580e-02
8.125133752822875921e-02
8.125201582908631037e-02
8.124694168567657415e-02
8.124410271644592896e-02
8.123806893825530340e-02
8.123937964439392756e-02
8.123247861862183117e-02
8.123076081275940052e-02
8.122558057308197632e-02
8.122252404689789262e-02
8.122165322303771806e-02
8.121606290340423195e-02
8.121521234512328602e-02
8.121020793914794644e-02
8.120338618755340576e-02
8.120136559009552557e-02
8.120055317878722978e-02
8.119811713695526678e-02
8.119725108146667869e-02
8.119475007057190552e-02
8.119579136371612993e-02
8.119341075420379028e-02
8.119006991386414074e-02
8.118913829326629417e-02
8.118813991546630637e-02
8.118673503398894653e-02
8.118436157703400047e-02
8.118410050868987704e-02
8.117978990077973078e-02
8.117990612983704002e-02
8.117782473564147394e-02
8.117609679698943592e-02
8.117526531219482200e-02
8.117237925529480203e-02
8.117185950279236228e-02
8.117060244083404430e-02
8.116845607757568193e-02
8.116654396057128296e-02
8.116504013538360096e-02
8.116451323032379539e-02
8.116167783737182617e-02
8.116023600101471280e-02
8.115919947624206099e-02
8.115727186203003374e-02
8.115612745285033514e-02
8.115460991859435591e-02
8.115402400493622326e-02
8.115184009075164517e-02
8.115101695060729370e-02
8.114744722843170166e-02
8.114686906337738315e-02
8.114607155323028120e-02
8.114591360092163197e-02
8.114221632480621282e-02
8.114031970500945601e-02
8.114031612873078003e-02
8.113753020763397883e-02
8.113844335079192782e-02
8.113756537437438743e-02
8.113292038440704512e-02
8.113203942775726318e-02
8.112989127635955589e-02
8.112845063209533913e-02
8.112617015838623213e-02
8.112262010574340654e-02
8.112102448940276822e-02
8.112087368965148482e-02
8.111957728862762007e-02
8.111876428127288985e-02
8.111841976642608643e-02
8.111735224723816418e-02
8.111690104007721058e-02
8.111584603786468894e-02
8.111524939537048673e-02
8.111411571502685769e-02
8.111332714557648038e-02
8.111265480518341231e-02
8.111138164997100386e-02
8.111101567745208907e-02
8.111045181751251609e-02
8.111159920692444236e-02
8.110891163349151500e-02
8.110801517963409091e-02
8.110680341720581665e-02
8.110613048076630027e-02
8.110549509525298573e-02
8.110548138618468850e-02
8.110385000705719327e-02
8.110312640666961226e-02
8.110318005084991844e-02
8.110137045383453147e-02
8.110532820224762574e-02
8.109984874725341408e-02
8.109905183315277433e-02
8.109805941581725575e-02
8.109830260276794378e-02
8.109754979610443726e-02
8.109592437744141125e-02
8.109500169754028931e-02
8.109388411045075074e-02
8.109344005584716297e-02
8.109294772148131769e-02
8.109213829040527732e-02
8.109181821346282681e-02
8.109006524085998757e-02
8.108966886997222290e-02
8.108823895454406183e-02
8.108745515346527100e-02
8.108677804470061645e-02
8.108630955219268965e-02
8.108618140220641424e-02
8.108436405658721313e-02
8.108390390872954878e-02
8.108324527740479182e-02
