7.115058800081897061e-02
7.027906899929803330e-02
7.045792299868480768e-02
7.011908899949048646e-02
6.980788799955917057e-02
6.915990600100485608e-02
6.929246400068223011e-02
6.863043600060336757e-02
6.939516599959461018e-02
7.045760300024994649e-02
6.853679099913279060e-02
6.880563400045502931e-02
6.957786800012399908e-02
6.858986100087349769e-02
6.909791099860740360e-02
6.902453400107333437e-02
6.855919400004495401e-02
6.849614499878953211e-02
6.879932199990435038e-02
6.833416299923555925e-02
6.845438799973635469e-02
6.829062199904001318e-02
6.821137299994006753e-02
6.860092099850589875e-02
6.975917599993408658e-02
6.996276700010639615e-02
6.965760700040846132e-02
6.944680299966421444e-02
6.980001299962168559e-02
7.002185700002883095e-02
6.842762800079071894e-02
6.962985500103968661e-02
6.974165400060883258e-02
7.006720299978042021e-02
7.047100699855946004e-02
6.926448199919832405e-02
7.029201300065324176e-02
6.872869000108039472e-02
6.832416500037652440e-02
6.902059599997301120e-02
6.907112100088852458e-02
6.863058700037072413e-02
6.834923099995648954e-02
6.877136100047209766e-02
6.889715500074089505e-02
6.842476199926750269e-02
6.888976099980936851e-02
6.951907800066692289e-02
6.962331300019286573e-02
7.023431499874277506e-02
6.932375199903617613e-02
6.842765799956396222e-02
6.813075299942283891e-02
6.875997899987851270e-02
6.960337599957711063e-02
6.956999300018651411e-02
6.990605200007848907e-02
7.003385999996680766e-02
6.849222800155985169e-02
6.878439499996602535e-02
6.861730200034799054e-02
6.904354899961617775e-02
6.892450600025767926e-02
6.887637599902518559e-02
6.937797399950795807e-02
6.866513199929613620e-02
6.850871000096958596e-02
6.836119299987331033e-02
6.851451000147790182e-02
6.894764000026043504e-02
6.897650300015811808e-02
6.870379399879311677e-02
6.844934900072985329e-02
6.873884899869153742e-02
6.847425399973872118e-02
6.885096000041812658e-02
6.826472300053865183e-02
6.887832000029447954e-02
6.841132699992158450e-02
6.862319300125818700e-02
6.830155199895671103e-02
6.874053300089144614e-02
6.836622300033923239e-02
6.920888800050306600e-02
6.874534199960180558e-02
6.898802500109013636e-02
6.923955500133160967e-02
6.883873600054357667e-02
6.838232300106028561e-02
6.863435400009620935e-02
6.850151599974196870e-02
6.879524500072875526e-02
6.911131499873590656e-02
6.961142099862627219e-02
6.845732300098461565e-02
6.918618500094453339e-02
6.947788099932949990e-02
6.920040200020594057e-02
6.963211899892485235e-02
6.942616400010592770e-02
6.857912099985696841e-02
6.892482700095570181e-02
6.879837099950236734e-02
6.894738899973162916e-02
6.836829700114321895e-02
6.860833499922591727e-02
6.865725600073346868e-02
6.899326399980054703e-02
6.908037799985322636e-02
6.939784099995449651e-02
7.000178000089363195e-02
7.049426000048697460e-02
6.927446100053202827e-02
6.970202999946195632e-02
6.962157900125021115e-02
7.049282799926004373e-02
7.062978400063002482e-02
6.952962799914530478e-02
6.837400700169382617e-02
6.908385499991709366e-02
6.915284299975610338e-02
6.895032499960507266e-02
6.915537799977755640e-02
6.938480700046056882e-02
6.917056600104842801e-02
6.884853500014287420e-02
6.919871900026919320e-02
6.851131399889709428e-02
6.884490700031165034e-02
6.910656699983519502e-02
6.944261500029824674e-02
6.980224700055259746e-02
6.945602999985567294e-02
6.857470199975068681e-02
6.854042800114257261e-02
6.816003700077999383e-02
6.852459900073881727e-02
6.882322699857468251e-02
6.858162499884201679e-02
6.858512200051336549e-02
6.892426600097678602e-02
6.866768600048089866e-02
6.871338199925958179e-02
7.004223600051773246e-02
6.974104300024919212e-02
6.917027599956782069e-02
6.907726099962019362e-02
6.905602200095017906e-02
6.900157099880743772e-02
6.981130399981338996e-02
6.846648999999160878e-02
7.199437499912164640e-02
7.129971599897544365e-02
7.032670700027665589e-02
6.966979000026185531e-02
7.059257400032947771e-02
7.142674300121143460e-02
7.036006900125357788e-02
6.946060799964470789e-02
6.918917099937971216e-02
6.904773600035696290e-02
6.900846299868135247e-02
6.914887499988253694e-02
6.973111399929621257e-02
6.852934699963952880e-02
6.964569500087236520e-02
6.924334199902659748e-02
6.950621299984049983e-02
6.994880100137379486e-02
7.019392000074731186e-02
6.980601400027808268e-02
6.935904800047865137e-02
6.934122599886904936e-02
6.798192399946856312e-02
6.932607700036896858e-02
6.895500300015555695e-02
6.804189700051210821e-02
6.789704500079096761e-02
6.817246999889903236e-02
6.908824200036178809e-02
6.972754699927463662e-02
6.946524700106238015e-02
6.944706300055258907e-02
6.865561400081787724e-02
6.886072599991166499e-02
6.819098500091058668e-02
6.842396100000769366e-02
6.805248599994229153e-02
6.743625300077837892e-02
6.807986700005130842e-02
6.790042200009338558e-02
6.800376499995763879e-02
6.798801500008266885e-02
6.813582100039639045e-02
6.877502600036677904e-02
6.817404300090856850e-02
6.765644599909137469e-02
6.865572299830091652e-02
6.815702200037776493e-02
6.798468899978615809e-02
6.815103000008093659e-02
6.797844799984886777e-02
6.826110600013635121e-02
6.864289999975881074e-02
6.820377800067944918e-02
6.918885000050067902e-02
6.818880100036039948e-02
6.802663799862784799e-02
6.787665699994249735e-02
6.825223899977572728e-02
6.793414400090114214e-02
6.796424100139120128e-02
6.840909200036549009e-02
6.947149799998442177e-02
6.833108600039849989e-02
6.826875899969309103e-02
6.867338700067193713e-02
6.833022499995422550e-02
6.801174899919715244e-02
6.829823599946394097e-02
6.909377299962216057e-02
6.889096299892116804e-02
6.886883200058946386e-02
6.857157599915808532e-02
6.837896500110218767e-02
6.821398700049030595e-02
6.803467300051124766e-02
6.820408900057373103e-02
6.804703499983588699e-02
7.007356400026765186e-02
6.865264799853321165e-02
6.982463900021684822e-02
6.819730700044601690e-02
6.875562999994144775e-02
6.877667000117071439e-02
6.804358999943360686e-02
6.935501999942061957e-02
6.879050499992445111e-02
6.784805300048901699e-02
6.794604700007766951e-02
6.814684200071496889e-02
6.793847200060554314e-02
6.828461000077368226e-02
6.968069999857107177e-02
6.872482300059346016e-02
6.884307399923272897e-02
6.786400300006789621e-02
6.788080499973148108e-02
6.812693500069144648e-02
6.792938500075251795e-02
6.843892800134199206e-02
6.864795900037279353e-02
6.826070500028436072e-02
6.848684799842885695e-02
6.867773399972065818e-02
6.780430199978582095e-02
6.813676299861981533e-02
6.792269300058251247e-02
6.834165600048436318e-02
6.875129200125229545e-02
6.831204099944443442e-02
6.777309400058584288e-02
6.813540099938109051e-02
6.825090699931024574e-02
6.805658300072536804e-02
6.824064700049348176e-02
6.893390400000498630e-02
6.808055799956491683e-02
6.783912699938809965e-02
6.815525800084287766e-02
6.797440000082133338e-02
6.811462199948437046e-02
6.753314399975351989e-02
6.900787099948502146e-02
6.832089799900131766e-02
6.845126100051857065e-02
6.898458800060325302e-02
6.800438600112101994e-02
6.808994599850848317e-02
6.794749900109309237e-02
6.810108699937700294e-02
6.797182500122289639e-02
6.821229400156880729e-02
6.842589400002907496e-02
6.827592399895365816e-02
6.805739499941410031e-02
6.863409399920783471e-02
6.881515100030810572e-02
6.931835199975466821e-02
6.900321300054201856e-02
6.878903300093952566e-02
6.780025400075828657e-02
6.782437899892101996e-02
6.829494900011923164e-02
6.888293799966049846e-02
7.021185300072829705e-02
6.995069399999920279e-02
6.971398099994985387e-02
7.066018999830703251e-02
6.809210000028542709e-02
6.827166600123746321e-02
6.855925300078524742e-02
6.805627299945626874e-02
6.854307200046605431e-02
6.857749700066051446e-02
6.841724799960502423e-02
6.872543399913411122e-02
6.808615900081349537e-02
6.796301799840875901e-02
6.785391400080698077e-02
6.876918600028147921e-02
7.237603799876524135e-02
6.961111900091054849e-02
7.016839199968671892e-02
7.064337900010286830e-02
7.076368399975763168e-02
6.965708500138134696e-02
6.838256300034117885e-02
6.765020300008472987e-02
6.906250399879354518e-02
6.779220899989013560e-02
6.891679100044711959e-02
6.863651699859474320e-02
7.037606999983836431e-02
6.876810299945645966e-02
7.022195200079295319e-02
6.901697799912653863e-02
6.925628600038180593e-02
6.865708499935863074e-02
6.893288199898961466e-02
7.022639000024355482e-02
6.884438600172870792e-02
6.953211200016085058e-02
6.887549400016723666e-02
6.999080999958096072e-02
6.842753599994466640e-02
6.727018299898190890e-02
6.846403499912412371e-02
6.929525899977306835e-02
6.788226699973165523e-02
6.856358100048964843e-02
6.859718400119163562e-02
6.912818700038769748e-02
6.925246899845660664e-02
6.912649299920303747e-02
6.891458700010844041e-02
6.934412000009615440e-02
6.890935699993860908e-02
6.930989600004977547e-02
6.912426000053528696e-02
6.977962400014803279e-02
6.909796999934769701e-02
6.892481600152677856e-02
7.087848900118842721e-02
6.995401000131096225e-02
7.045348399879003409e-02
7.033675599996058736e-02
7.051429799867037218e-02
6.981247600015194621e-02
7.003177600017806981e-02
7.087310799943224993e-02
7.019843699890770949e-02
7.020749399998749141e-02
7.025217800037353300e-02
7.056598499912070110e-02
7.009698699948785361e-02
7.040384099855145905e-02
6.937313399976119399e-02
6.962945300074352417e-02
6.960159099980955943e-02
7.032121699921844993e-02
6.979610599955776706e-02
6.996754600004351232e-02
7.063476300027105026e-02
7.082827399972302373e-02
7.015118799972697161e-02
7.003559300028427970e-02
6.954867300009937026e-02
7.018624400006956421e-02
7.167405499967571814e-02
7.241942899963760283e-02
7.364084199980425183e-02
7.333698500042373780e-02
7.132710699988820124e-02
7.057710500157554634e-02
6.978112700016936287e-02
7.009147700046014506e-02
6.991335400016396306e-02
6.945106999955896754e-02
7.022160099950269796e-02
7.035066200114670210e-02
7.114160999844898470e-02
7.141026200042688288e-02
7.098723200033418834e-02
7.138044599923887290e-02
7.147447200077294838e-02
7.146082699910039082e-02
7.181826499981980305e-02
7.128972700047597755e-02
7.139881100010825321e-02
6.893577600021671969e-02
6.830102999992959667e-02
6.839972499983559828e-02
6.884405599885212723e-02
6.892381399848090950e-02
6.806714300000749063e-02
6.812576300035289023e-02
6.832744900020770729e-02
6.817341200076043606e-02
6.813685300039651338e-02
6.823536699994292576e-02
6.817124799999874085e-02
6.848673700005747378e-02
6.978647700088913552e-02
6.928655199953936972e-02
6.954886300081852823e-02
6.916949399965233169e-02
6.903985200005990919e-02
6.947312100055569317e-02
6.817174800016800873e-02
6.813979799881053623e-02
6.823789199916063808e-02
6.830511800035310443e-02
6.853111999953398481e-02
6.845338399944012053e-02
6.826649600043310784e-02
6.840910199935024139e-02
7.123196900101902429e-02
7.308927099984430242e-02
7.158792399968660902e-02
7.099063699934049509e-02
7.137501599936513230e-02
7.190523700046469457e-02
7.129577799969410989e-02
7.029426599910948426e-02
7.035063100011029746e-02
7.007678899935854133e-02
7.003140400047414005e-02
7.008681799925398082e-02
7.013400700088823214e-02
6.998968700099794660e-02
6.988779599851113744e-02
7.121598899902892299e-02
7.154524399993533734e-02
7.050712400086922571e-02
7.130718999906093813e-02
7.187708499986911193e-02
7.186662499952944927e-02
7.042093300151464064e-02
7.049485099923913367e-02
7.025414099916815758e-02
7.003373899897269439e-02
7.034243599991896190e-02
7.098163100090459920e-02
7.146779000140668359e-02
7.029866400080209132e-02
7.421297200016852003e-02
7.050639199951547198e-02
7.121796200044627767e-02
7.019709500127646606e-02
7.058417799999006093e-02
7.113482699969608802e-02
7.143232300040835980e-02
7.441435800137696788e-02
7.285954200051492080e-02
7.187927899940405041e-02
7.276294100120139774e-02
7.258603000082075596e-02
7.363504099885176402e-02
7.207333199949061964e-02
7.345547600016288925e-02
7.197606000045198016e-02
7.148351899923000019e-02
7.164680399910139386e-02
7.075915499990514945e-02
6.996733499909169041e-02
7.062635599868372083e-02
7.119897699885768816e-02
7.063227799881133251e-02
7.157504000133485533e-02
7.117810800082224887e-02
7.147090500075137243e-02
7.268785100131935906e-02
7.210746499913511798e-02
7.052779199875658378e-02
7.010304899995389860e-02
7.013804400048684329e-02
7.019889700131898280e-02
7.025915000122040510e-02
7.057227499899454415e-02
6.868698099970060866e-02
6.784641000012925360e-02
6.829216299956897274e-02
6.896106299973325804e-02
7.042705399908300024e-02
7.014778200027649291e-02
6.931004600119194947e-02
7.045322299927647691e-02
6.806361599956289865e-02
6.822753199958242476e-02
