1.029505620002746591e+00
6.653634655475616499e-01
5.491894435882568315e-01
5.219764959812164262e-01
5.112458598613739413e-01
5.016087949275970237e-01
5.019884586334228960e-01
4.892566215991973610e-01
4.804658043384552046e-01
4.652908688783645719e-01
4.371018987894058072e-01
3.960463899374008223e-01
3.359866440296173096e-01
2.802489188313483925e-01
2.549920383095741205e-01
2.413013878464698725e-01
2.288319304585456904e-01
2.216999581456184365e-01
2.165804609656333812e-01
2.131911882758140697e-01
2.103928238153457697e-01
2.082171246409416088e-01
2.063402742147445734e-01
2.048007974028587252e-01
2.033827537298202592e-01
2.021898591518402066e-01
2.010391753911972001e-01
2.000780799984931968e-01
1.990563517808914273e-01
1.982184678316116222e-01
1.972609063982963540e-01
1.965901523828506581e-01
1.956549718976020868e-01
1.950534325838088889e-01
1.942318871617317311e-01
1.963927811384200972e-01
1.988799574971198969e-01
1.940184175968170111e-01
1.917837765812873962e-01
1.921372616291046054e-01
1.912764176726341192e-01
1.890439310669899120e-01
1.877451235055923595e-01
1.868182399868965060e-01
1.859008368849754400e-01
1.850271841883659452e-01
1.841436144709586997e-01
1.832818737626075722e-01
1.823821005225181591e-01
1.814948239922523632e-01
1.814033299684524592e-01
1.798651814460754395e-01
1.782330319285392872e-01
1.773599973320960921e-01
1.767936828732490639e-01
1.762912377715110668e-01
1.757997366786002991e-01
1.753158065676689026e-01
1.748263552784919683e-01
1.743417984247207508e-01
1.738417044281959645e-01
1.733276385068893422e-01
1.727993187308311529e-01
1.722645363211631753e-01
1.717199084162712164e-01
1.711690863966941756e-01
1.706020843982696544e-01
1.700318917632102911e-01
1.694589206576347373e-01
1.688752987980842724e-01
1.682916170358657870e-01
1.677034524083137468e-01
1.671094027161598161e-01
1.665054041147231989e-01
1.658966735005378834e-01
1.652816936373710521e-01
1.646552374958991927e-01
1.640225806832313615e-01
1.633818718791008040e-01
1.627300715446472201e-01
1.620764726400375499e-01
1.614025580883026167e-01
1.607336840033531111e-01
1.600381943583488453e-01
1.593827170133590709e-01
1.586767232418060392e-01
1.583204215764999478e-01
1.579480525851249817e-01
1.617172941565513666e-01
1.597795426845550482e-01
1.570359325408935414e-01
1.555280837416648798e-01
1.548889195919036788e-01
1.540110036730766296e-01
1.535170307755470143e-01
1.527396252751350436e-01
1.524001178145408530e-01
1.516907334327697865e-01
1.516214680671691961e-01
1.510221093893051036e-01
1.510012063384056080e-01
1.492436018586158764e-01
1.487755006551742532e-01
1.484061288833618264e-01
1.480950048565864430e-01
1.478006684780120983e-01
1.475100380182266246e-01
1.472186583280563343e-01
1.469280079007148632e-01
1.466411894559860318e-01
1.463524526357650735e-01
1.460691234469413680e-01
1.457828000187873785e-01
1.454996562004089444e-01
1.452191635966300909e-01
1.449398314952850264e-01
1.446618366241455012e-01
1.443835577368736134e-01
1.441102081537246615e-01
1.438349547982215870e-01
1.435671049356460616e-01
1.432946258783340532e-01
1.430297029018402222e-01
1.427583152055740268e-01
1.425158113241195568e-01
1.422562289237976063e-01
1.421826171874999989e-01
1.423202398419380066e-01
1.431597939133644193e-01
1.429054474830627475e-01
1.423892897367477484e-01
1.416104251146316495e-01
1.412597760558128301e-01
1.408316463232040516e-01
1.406165781617164656e-01
1.403013440966606185e-01
1.401501592993736334e-01
1.398867988586425803e-01
1.397875654697418313e-01
1.395553240180015531e-01
1.395032849907875128e-01
1.392703142762184154e-01
1.392153969407081693e-01
1.389378762245178089e-01
1.388492450118064825e-01
1.385482960939407315e-01
1.384477362036705128e-01
1.381480067968368641e-01
1.380539545416832048e-01
1.377637112140655540e-01
1.375963628292083685e-01
1.368781220912933250e-01
1.367709168791770846e-01
1.366712814569473189e-01
1.365707775950431857e-01
1.364732867479324374e-01
1.363754433393478405e-01
1.362752997875213701e-01
1.361772915720939614e-01
1.360772120952606079e-01
1.359797060489654486e-01
1.358794134855270397e-01
1.357800379395484869e-01
1.356807154417037919e-01
1.355813276767730835e-01
1.354815441370010309e-01
1.353821963071823176e-01
1.352825546264648515e-01
1.351819583773612998e-01
1.350836828351020813e-01
1.349831426143646151e-01
1.348822167515754678e-01
1.347828331589698836e-01
1.346821236610412642e-01
1.345828175544738770e-01
1.344829568266868725e-01
1.343839600682258661e-01
1.342833289504051231e-01
1.341833695769309998e-01
1.340838941931724593e-01
1.339827185869216786e-01
1.338836231827735812e-01
1.337840041518211232e-01
1.336843326687812694e-01
1.335831433534622192e-01
1.334848389029502924e-01
1.333884096145629972e-01
1.332937580347061113e-01
1.332177031040191750e-01
1.331913697719573908e-01
1.332893532514572155e-01
1.335616004467010398e-01
1.336933264136314359e-01
1.334954175353050276e-01
1.332160881161689736e-01
1.329538145661354198e-01
1.327876356244087341e-01
1.326123932003974992e-01
1.325057658553123463e-01
1.323750171065330439e-01
1.324151939153671298e-01
1.323225894570350669e-01
1.322548431158065696e-01
1.322273668646812561e-01
1.321972078084945601e-01
1.321652185916900590e-01
1.321331891417503457e-01
1.320987772941589478e-01
1.320613184571266252e-01
1.320243287086486916e-01
1.319867464900016663e-01
1.319487980008125227e-01
1.319046357274055448e-01
1.318667313456535206e-01
1.318242081999778659e-01
1.317816984653472911e-01
1.317373239994049094e-01
1.316948646306991544e-01
1.316476574540138278e-01
1.316018950939178422e-01
1.315548443794250510e-01
1.315088012814521756e-01
1.314596259593963645e-01
1.314122051000595204e-01
1.313617902994155817e-01
1.313123050332069275e-01
1.312642887234687916e-01
1.312136223912239164e-01
1.311621096730232194e-01
1.311126542091369529e-01
1.310605382919311501e-01
1.310100686550140503e-01
1.309591618180274974e-01
1.309054863452911444e-01
1.308544716238975447e-01
1.308010235428810064e-01
1.307504653930663951e-01
1.306977140903472778e-01
1.306455922126769920e-01
1.305936005711555437e-01
1.305412310361862283e-01
1.304895871877670421e-01
1.304362660646438687e-01
1.303859475255012557e-01
1.303331470489501875e-01
1.302798691391944819e-01
1.302270248532295116e-01
1.301746070384979248e-01
1.301227918267250094e-01
1.300702702999115001e-01
1.301775437593460094e-01
1.302303159236908037e-01
1.301555570960044872e-01
1.300809234380722046e-01
1.300156378746032682e-01
1.299587243795394809e-01
1.299064213037490756e-01
1.298581326007842984e-01
1.298132655024528403e-01
1.297712171077728405e-01
1.297303313016891502e-01
1.296913191676139776e-01
1.296549975872039739e-01
1.296200934052467446e-01
1.295855331420898426e-01
1.295523110032081593e-01
1.295197671651840132e-01
1.294879230856895436e-01
1.294575220346450839e-01
1.294277441501617554e-01
1.293975290656089738e-01
1.293679574131965659e-01
1.293393257260322671e-01
1.293100515007972739e-01
1.292811775207519664e-01
1.292527890205383279e-01
1.292249017953872592e-01
1.291976395249366805e-01
1.291697880625724826e-01
1.291424959897994884e-01
1.291156801581382629e-01
1.290887671709060602e-01
1.290617004036903326e-01
1.290350300073623557e-01
1.290079027414322010e-01
1.289804768562316795e-01
1.289548403024673440e-01
1.289281922578811579e-01
1.289014783501624961e-01
1.288749885559082042e-01
1.288490119576454207e-01
1.288221094012260426e-01
1.287966662645340099e-01
1.287709721922874473e-01
1.287446954846382108e-01
1.287198761105537437e-01
1.286928758025169262e-01
1.286670798063278276e-01
1.286418271064758423e-01
1.286155983805656322e-01
1.285610842704772994e-01
1.285168451070785589e-01
1.284991204738616943e-01
1.284854587912559465e-01
1.284713461995124761e-01
1.284570595622062661e-01
1.284429779648780801e-01
1.284281557798385709e-01
1.284142801165580883e-01
1.284009546041488536e-01
1.283876231312751637e-01
1.283741950988769587e-01
1.283609402179718140e-01
1.283476454019546464e-01
1.283345150947570734e-01
1.283214724063873324e-01
1.283082580566406172e-01
1.282944822311401500e-01
1.282808026671409529e-01
1.282663893699645952e-01
1.282531189918517944e-01
1.282404768466949563e-01
1.282278805971145685e-01
1.282143661379814281e-01
1.282023048400878773e-01
1.281896850466728299e-01
1.281768128275871388e-01
1.281637337803840648e-01
1.281513717770576544e-01
1.281381767988205023e-01
1.281251329183578369e-01
1.281114953756332386e-01
1.280983769893646318e-01
1.280854240059852711e-01
1.280730330944061246e-01
1.280597305297851429e-01
1.280466845631599293e-01
1.280333295464515797e-01
1.280206161737441894e-01
1.280080667138099593e-01
1.279952239990234386e-01
1.279825702309608515e-01
1.279701766371726945e-01
1.279565691947937012e-01
1.279439613223075922e-01
1.279312178492545971e-01
1.279178524017333951e-01
1.279054215550422535e-01
1.278920486569404547e-01
1.278791114687919672e-01
1.278385424613952548e-01
1.278234755992889438e-01
1.278172910213470348e-01
1.278110432624816883e-01
1.278046083450317394e-01
1.277979606389999523e-01
1.277907860279083319e-01
1.277840501070022505e-01
1.277779012918472401e-01
1.277718192338943570e-01
1.277655911445617631e-01
1.277589014172554049e-01
1.277525368332862732e-01
1.277458786964416615e-01
1.277389425039291426e-01
1.277325668931007518e-01
1.277260592579841647e-01
1.277199158072471752e-01
1.277138033509254422e-01
1.277074140310287542e-01
1.277010163664817899e-01
1.276944229006767295e-01
1.276879471540451061e-01
1.276811146736145097e-01
1.276750475168228205e-01
1.276691296696662870e-01
1.276625648140907177e-01
1.276559960842132690e-01
1.276491898298263428e-01
1.276424184441566356e-01
1.276356661319732744e-01
1.276292380690574602e-01
1.276227986812591420e-01
1.276163086295127869e-01
1.276099190115928539e-01
1.276032245159149092e-01
1.275966849923133861e-01
1.275903242826461892e-01
1.275835949182510254e-01
1.275776106119155817e-01
1.275710889697074801e-01
1.275643014907836825e-01
1.275574955344200012e-01
1.275512930750846985e-01
1.275446522235870461e-01
1.275387492775917064e-01
1.275324267148971458e-01
1.275264158844947870e-01
1.275198644399642978e-01
1.275140118598938055e-01
1.274930956959724471e-01
1.274874874949455394e-01
1.274840188026428178e-01
1.274803701043129012e-01
1.274770462512969937e-01
1.274739581346511774e-01
1.274708256125450245e-01
1.274677973985672008e-01
1.274643993377685414e-01
1.274613398313522439e-01
1.274580127000808638e-01
1.274548405408859331e-01
1.274516463279724010e-01
1.274482840299606401e-01
1.274449792504310508e-01
1.274418842792510997e-01
1.274385416507720914e-01
1.274352711439132591e-01
1.274320116639137135e-01
1.274286368489265520e-01
1.274256145954132113e-01
1.274224734306335372e-01
1.274193015694618236e-01
1.274158409237861611e-01
1.274125376343727134e-01
1.274091923236846946e-01
1.274060839414596635e-01
1.274032011628150884e-01
1.273999086022377103e-01
1.273968955874442976e-01
1.273936271667480413e-01
1.273901274800300631e-01
1.273866727948188837e-01
1.273834103345871105e-01
1.273800840973854098e-01
1.273770445585250821e-01
1.273741468787193409e-01
1.273708233237266507e-01
1.273676139116287354e-01
1.273641213774681091e-01
1.273608565330505427e-01
1.273579466342925903e-01
1.273549118638038768e-01
1.273515358567237910e-01
1.273486325144767839e-01
1.273451930284500155e-01
1.273418217897415161e-01
1.273384544253349238e-01
1.273351055383682151e-01
1.273319056630134449e-01
1.273214814066886968e-01
1.273199474811553822e-01
1.273184487223625316e-01
1.273169022798538164e-01
1.273153063654899608e-01
1.273135772347450123e-01
1.273119875788688571e-01
1.273104202747344926e-01
1.273085990548133983e-01
1.273071980476379317e-01
1.273056668043136552e-01
1.273042973875999351e-01
1.273026481270790045e-01
1.273008880019187994e-01
1.272994223237037537e-01
1.272975030541420027e-01
1.272956717014312733e-01
1.272941550612449735e-01
1.272925335168838545e-01
1.272907891869544950e-01
1.272890007495880160e-01
1.272874927520751820e-01
1.272858569025993314e-01
1.272843509912490734e-01
1.272826763987541243e-01
1.272809705138206460e-01
1.272792640328407332e-01
1.272775989770889293e-01
1.272759056091308516e-01
1.272743502259254533e-01
1.272728338837623707e-01
1.272710719704628068e-01
1.272696083784103371e-01
1.272678592801094188e-01
1.272660022974014260e-01
1.272643572092056197e-01
1.272627812623977617e-01
1.272612866759300354e-01
1.272597330808639404e-01
1.272582140564918474e-01
1.272568795084953186e-01
1.272552594542503412e-01
1.272537264227867060e-01
1.272519609332084523e-01
1.272502610087394848e-01
1.272485202550888150e-01
1.272469237446784973e-01
1.272454187273979187e-01
1.272438034415245001e-01
1.272421467304229725e-01
