7.904571420003776439e-01
7.877420950007945066e-01
7.884117670000705402e-01
7.889045169995370088e-01
7.901416789991344558e-01
7.876326170007814653e-01
7.868492210000113118e-01
7.922335279999970226e-01
7.903903719998197630e-01
7.873697730010462692e-01
7.887392320008075330e-01
7.873143979995802511e-01
7.871258450013556285e-01
7.859261610010435106e-01
7.884401710016391007e-01
7.856731370011402760e-01
7.873730840001371689e-01
7.894327640005940339e-01
7.868667170005210210e-01
7.839350850008486304e-01
7.715574909998395015e-01
7.738134289993467974e-01
7.750474750009743730e-01
7.732127950002904981e-01
7.716252150003128918e-01
7.725883050006814301e-01
7.723159449997183401e-01
7.746723910004220670e-01
7.737480920004600193e-01
7.710767859989573481e-01
7.731918900008167839e-01
7.791222069990908494e-01
7.813607030002458487e-01
7.900610979995690286e-01
7.827266739986953326e-01
7.818298969996249070e-01
7.844431020002957666e-01
7.824826960004429566e-01
7.876137789990025340e-01
7.827825059994211188e-01
7.851067410010728054e-01
7.806189800012361957e-01
7.822082800012140069e-01
7.850666440008353675e-01
7.820151270007045241e-01
7.815597259996138746e-01
7.826103789993794635e-01
7.768717590006417595e-01
7.723841189999802737e-01
7.719120250003470574e-01
7.744377069993788609e-01
7.725715060005313717e-01
7.722732780002843356e-01
7.735443849996954668e-01
7.747801240002445411e-01
7.715848689986160025e-01
7.724068560000887373e-01
7.719779130002279999e-01
7.729082820005714893e-01
7.747703730001376243e-01
7.712924899988138350e-01
7.726029790010215947e-01
7.890675010003178613e-01
7.895409249995282153e-01
7.875635780001175590e-01
7.875871010000992101e-01
7.871060609995765844e-01
7.859381870002835058e-01
7.858276699989801273e-01
7.865787129994714633e-01
7.882218550003017299e-01
7.863953790001687594e-01
7.877376289998210268e-01
7.878126790001260815e-01
7.868752540016430430e-01
7.885520489999180427e-01
7.880136820003826870e-01
7.864993099992716452e-01
7.882238040001539048e-01
7.878473390010185540e-01
7.884153599989076611e-01
7.898079639999195933e-01
7.850568390003900276e-01
7.874338040001021000e-01
7.873762950002856087e-01
7.767106339997553732e-01
7.662540330002229894e-01
7.693596689987316495e-01
7.897022609995474340e-01
7.868202219997328939e-01
7.878027389997441787e-01
7.892069640001864173e-01
7.883289210003567860e-01
7.887685219993727515e-01
7.902770620003138902e-01
7.888059010001597926e-01
7.803525660001469078e-01
7.722090000006573973e-01
7.706398160007665865e-01
7.744039830013207393e-01
7.756456240003899438e-01
7.742115609999018488e-01
7.730329269998037489e-01
7.746618319997651270e-01
7.833050909994199174e-01
7.835753959989233408e-01
7.822179169997980352e-01
7.855208420005510561e-01
7.812809750012092991e-01
7.850686960009625182e-01
7.844767080005112803e-01
7.790591489992948482e-01
7.822634389995073434e-01
7.818607659992267145e-01
7.808643519983888837e-01
7.843625320001592627e-01
7.849520130002929363e-01
7.851025740001205122e-01
7.813116959987382870e-01
7.833494149999751244e-01
7.808154960002866574e-01
7.820636999986163573e-01
7.800438329995813547e-01
7.821589569994102931e-01
7.802154729997710092e-01
7.836820630000147503e-01
7.838259220006875694e-01
7.859313669996481622e-01
7.810049959989555646e-01
7.818585819986765273e-01
7.841407279993291013e-01
7.857687510004325304e-01
7.845878230000380427e-01
7.831029760000092210e-01
7.845186920003470732e-01
7.837710839994542766e-01
7.827626079997571651e-01
7.836033690000476781e-01
7.834976810008811299e-01
7.899304269994900096e-01
7.838225569994392572e-01
7.827832630009652348e-01
7.831209140003920766e-01
7.835079769993171794e-01
7.816448140001739375e-01
7.878195370012690546e-01
7.839992640001582913e-01
7.828622880006150808e-01
7.838301470001169946e-01
7.724816699992516078e-01
7.730880929993872996e-01
7.742445639996731188e-01
7.736398430006374838e-01
7.821952470003452618e-01
7.835821890002989676e-01
7.847091370003909105e-01
7.843046900015906431e-01
7.803602549993229331e-01
7.781467550012166612e-01
7.848675900004309369e-01
7.812413110004854389e-01
7.823772129995631985e-01
7.840359530000569066e-01
7.856772019986237865e-01
7.849675640009081690e-01
7.843586050003068522e-01
7.796881330014002742e-01
7.818422700001974590e-01
7.835854179993475555e-01
7.817373920006502885e-01
7.842295720001857262e-01
7.856492549999529729e-01
7.836129869992873864e-01
7.821519760000228416e-01
7.806507980003516423e-01
7.875273339996056166e-01
7.814935330006846925e-01
7.843135639996035025e-01
7.817264170007547364e-01
7.850895640003727749e-01
7.843068610000045737e-01
7.836081630011904053e-01
7.821724690002156422e-01
7.836112490003870334e-01
7.822238240005390253e-01
7.912040119990706444e-01
7.838276510010473430e-01
7.936358070001006126e-01
7.868008579989691498e-01
7.915210829996794928e-01
7.882490249994589249e-01
7.927453209995292127e-01
7.877091640002618078e-01
7.932567059997381875e-01
7.846478100000240374e-01
7.809107730008690851e-01
7.974320890007220441e-01
7.936900229997263523e-01
7.742536450004990911e-01
7.834204520004277583e-01
7.780561840008886065e-01
7.764616120002756361e-01
7.773353750017122366e-01
7.801677989991731010e-01
7.829651890006061876e-01
7.715593350003473461e-01
7.975707440000405768e-01
7.827894090005429462e-01
7.833803029989212519e-01
7.804418079995230073e-01
7.797513069999695290e-01
7.973794640001869993e-01
8.090640880000137258e-01
7.880032129996834556e-01
7.754803700008778833e-01
7.737874249996821163e-01
7.747232040001108544e-01
7.821175780009070877e-01
7.718754389989044284e-01
7.741819309994752984e-01
7.899070790008408949e-01
7.883134900002914947e-01
7.914875629994639894e-01
7.993420560014783405e-01
7.924134730001242133e-01
7.996719220009254059e-01
7.851036760002898518e-01
7.960113179997279076e-01
7.943161980001605116e-01
7.898327359998802422e-01
7.902987960005702917e-01
8.123741660001542186e-01
8.022526629993080860e-01
7.975080720007099444e-01
7.942803280002408428e-01
7.841873390007094713e-01
7.873166280005534645e-01
7.838105320006434340e-01
7.888878739995561773e-01
7.841134680002141977e-01
7.841205909990094369e-01
7.853893430001335219e-01
7.844134770002710866e-01
7.681670840011065593e-01
7.773943040010635741e-01
7.832208159998117480e-01
7.826302320008835522e-01
7.900127020002400968e-01
7.787865049995161826e-01
7.786625720000301953e-01
7.819614789987099357e-01
7.897156859999086009e-01
7.810403969997423701e-01
7.825694439998187590e-01
7.793649430004734313e-01
7.925845370009483304e-01
8.021411720001196954e-01
8.103119379993586335e-01
8.040577439987828257e-01
8.040699369994399603e-01
8.061952890002430649e-01
8.066086620001442498e-01
7.958970059989951551e-01
7.853136399990034988e-01
7.881529469996166881e-01
7.927617429995734710e-01
7.759914500002196291e-01
7.834335030001966516e-01
7.908530229997268179e-01
7.811484690009820042e-01
7.713210879992402624e-01
7.929793670009530615e-01
7.903660510000918293e-01
7.773234070009493735e-01
7.756525230015540728e-01
7.831023199996707262e-01
7.765174000014667399e-01
7.797920709999743849e-01
7.662025240006187232e-01
7.651707749992056051e-01
7.708795070011547068e-01
7.878794979988015257e-01
7.789361080012895400e-01
7.684901290012930986e-01
7.785765049993642606e-01
7.834935869996115798e-01
7.930553829992277315e-01
7.902117159992485540e-01
7.884827830002905102e-01
7.921851930004777387e-01
7.923290020007698331e-01
7.927954539991333149e-01
7.957856540015200153e-01
7.761280640006589238e-01
7.737150900011329213e-01
7.789958440007467289e-01
7.956552979994739871e-01
7.974300160003622295e-01
7.948049680016993079e-01
7.993123340002057375e-01
7.851728289988386678e-01
7.800020920003589708e-01
7.870236189992283471e-01
7.820171680014027515e-01
7.770947459994204110e-01
7.849395310004183557e-01
7.781614579998858972e-01
7.771285079998051515e-01
7.798152400009712437e-01
7.771002740009862464e-01
7.734859169995615957e-01
7.757621709988598013e-01
7.696055509986763354e-01
7.699158209998131497e-01
7.684701880007196451e-01
7.742078040009801043e-01
7.723231600011786213e-01
7.836016639994340949e-01
7.827778440005204175e-01
7.797901379999530036e-01
7.877077800003462471e-01
7.798880899990763282e-01
7.727318119996198220e-01
7.789857529987784801e-01
7.860324860012042336e-01
7.862005999995744787e-01
7.806565949995274423e-01
7.741110080005455529e-01
7.810425659990869462e-01
7.786517160002404125e-01
7.822763010008202400e-01
7.797113150008954108e-01
7.799161879993334878e-01
7.738220549999823561e-01
7.850663760000315960e-01
7.787916950001090299e-01
7.828190229993197136e-01
7.761258999998972286e-01
7.682970540008682292e-01
7.677824019992840476e-01
7.728897689994482789e-01
7.956336269999155775e-01
7.908008120011800202e-01
7.828892919987993082e-01
7.872417480011790758e-01
7.698906299992813729e-01
7.828751739998551784e-01
7.645312210006522946e-01
7.718717419993481599e-01
7.728443600008176873e-01
7.665141360012057703e-01
7.634145510000962531e-01
7.637852139996539336e-01
7.634502969995082822e-01
7.802628169993113261e-01
7.740236429999640677e-01
7.778156819986179471e-01
7.832653789992036764e-01
7.945213710008829366e-01
7.937996919990837341e-01
7.889735990011104150e-01
7.810055219997593667e-01
7.903390000010404037e-01
7.737557590007781982e-01
7.831656300004397053e-01
7.851527139991958393e-01
7.791116400003375020e-01
7.876014710000163177e-01
7.786647440007072873e-01
7.790778060007141903e-01
7.794267779991059797e-01
7.955104150005354313e-01
7.856616919998486992e-01
7.984214059997611912e-01
7.971220859999448294e-01
7.868568549984047422e-01
7.747985419991891831e-01
7.852995939992979402e-01
7.803954350001731655e-01
7.816088830004446208e-01
7.781749429996125400e-01
7.736460460000671446e-01
7.762552839994896203e-01
7.870073330013838131e-01
7.926702800014027162e-01
7.816913050010043662e-01
7.928758429989102297e-01
7.951210900009755278e-01
7.934578510012215702e-01
7.840684279999550199e-01
7.868268339989299420e-01
7.919200450014614034e-01
7.967317189995810622e-01
7.984938030003831955e-01
7.936871570000221254e-01
7.895410349992744159e-01
7.964839439991919789e-01
7.902439789995696628e-01
7.898401429993100464e-01
7.912058560013974784e-01
7.860876380000263453e-01
7.664002530000288971e-01
7.678701000004366506e-01
7.712718490001861937e-01
7.698892249991331482e-01
7.651287049993698020e-01
7.682940820013755001e-01
7.820427329988888232e-01
7.720319379986904096e-01
7.772089070003858069e-01
7.740951539999514353e-01
7.816157540000858717e-01
7.766887020006834064e-01
7.771509960002731532e-01
7.764816640010394622e-01
7.791263979997893330e-01
7.796256310011813184e-01
7.760434140000143088e-01
7.809553269999014447e-01
7.761505329999636160e-01
7.774314979997143382e-01
7.750766949993703747e-01
7.767162000000098487e-01
7.803352249993622536e-01
7.728453029994852841e-01
7.770851690002018586e-01
7.805942089999007294e-01
7.901763509999000235e-01
7.881093060004786821e-01
7.857875350000540493e-01
7.843348589995002840e-01
7.883777870010817423e-01
7.886464690000138944e-01
7.748234470000170404e-01
7.841297750001103850e-01
7.711889820002397755e-01
7.736500030005117878e-01
7.729788879987609107e-01
7.738597339994157664e-01
7.748429519997444004e-01
7.831935829999565613e-01
7.810563060011190828e-01
7.802477749992249301e-01
7.824181910000334028e-01
7.774145879993739072e-01
7.856883540007402189e-01
7.895003200010251021e-01
7.896082610004668823e-01
7.785240499997598818e-01
7.780934349993913202e-01
7.783559260005858960e-01
7.800461550014006207e-01
7.799809929983894108e-01
7.803849770007218467e-01
7.913551340006961254e-01
7.805156009999336675e-01
7.751677329997619381e-01
7.807386869990295963e-01
7.800275969984795665e-01
7.818640000004961621e-01
7.891962060002697399e-01
7.895194400007312652e-01
7.901092119991517393e-01
7.905488649994367734e-01
7.884774110007128911e-01
7.857499820001976332e-01
7.841477169986319495e-01
7.955906679999316111e-01
7.835032719995069783e-01
7.782160070000827545e-01
7.808411540008819429e-01
7.849322519996349001e-01
7.800710039991827216e-01
7.801779630008240929e-01
7.794813500004238449e-01
7.809233359985228162e-01
7.811920790009025950e-01
7.770467589998588664e-01
7.777594710005359957e-01
7.760058220010250807e-01
7.727861230014241301e-01
7.696595580000575865e-01
7.646349450005800463e-01
7.771748760005721124e-01
7.842909680002776440e-01
7.854810629996791249e-01
7.864284440001938492e-01
7.741349819989409298e-01
7.739102109990199097e-01
7.740334509999229340e-01
7.681986429997778032e-01
7.667689709996921010e-01
7.642399530013790354e-01
7.669294899988017278e-01
7.672044440005265642e-01
7.642525649989693193e-01
7.885731890000897693e-01
7.903523449986096239e-01
7.822116370007279329e-01
7.849255689998244634e-01
