9.792224287986754927e-01
6.777383852005004483e-01
5.038313758373260676e-01
4.963554990291595415e-01
4.940581250190734797e-01
4.921205556392669878e-01
4.901512038707733221e-01
4.880525529384612815e-01
4.857345736026764116e-01
4.831936681270599387e-01
4.803733026981353849e-01
4.772431039810180464e-01
4.736899363994598322e-01
4.696194577217102095e-01
4.649217498302459783e-01
4.594498074054718106e-01
4.531081658601761042e-01
4.457530075311660900e-01
4.370893853902816928e-01
4.267166781425476008e-01
4.138452553749084606e-01
3.972301900386810414e-01
3.754714989662170654e-01
3.514909446239471436e-01
3.400434690713882713e-01
3.255018055438995139e-01
3.144167196750640714e-01
3.096713453531265148e-01
3.052231281995773093e-01
2.980535072088241755e-01
2.932999372482300027e-01
2.890033960342407449e-01
2.867732465267181508e-01
2.824114918708801047e-01
2.794551604986190707e-01
2.741989004611968817e-01
2.698893934488296731e-01
2.646242064237594449e-01
2.629733180999755948e-01
2.549674242734908947e-01
2.529318201541900790e-01
2.450132709741592307e-01
2.415205878019332786e-01
2.319586944580078192e-01
2.304745852947235052e-01
2.207438591122627136e-01
2.173423576354980569e-01
2.114090558886528026e-01
2.040394905209541310e-01
2.010907036066055253e-01
1.933384495973587136e-01
1.906322824954986561e-01
1.874116382002830594e-01
1.885039851069450489e-01
1.851633068919181779e-01
1.851135715842247009e-01
1.820940515398979109e-01
1.818497461080551270e-01
1.787831947207450811e-01
1.778785312175750755e-01
1.746715930104255632e-01
1.750924399495124850e-01
1.721381193399429410e-01
1.728252241015434398e-01
1.691938948631286632e-01
1.703930988907814137e-01
1.671779945492744557e-01
1.683832967281341519e-01
1.651159039139747653e-01
1.678099995851516646e-01
1.635325488448143016e-01
1.638106611371040466e-01
1.610034400224685802e-01
1.614002183079719654e-01
1.588151925802230857e-01
1.591861993074417114e-01
1.568438845872879017e-01
1.574135038256645192e-01
1.548634824156761292e-01
1.554919934272765980e-01
1.534540143609046947e-01
1.539151665568351812e-01
1.515289723873138317e-01
1.514573386311530989e-01
1.494958978891372803e-01
1.490907084941864025e-01
1.477813884615898077e-01
1.465667682886123702e-01
1.462008932232856662e-01
1.446528652310371532e-01
1.454580146074294922e-01
1.432452714443206709e-01
1.460664835572242637e-01
1.410466104745864979e-01
1.425512534379959062e-01
1.392901757359504833e-01
1.406022092700004444e-01
1.369915664196014460e-01
1.389019086956977955e-01
1.356928914785385243e-01
1.360452076792716958e-01
1.335621774196624756e-01
1.324660503864288352e-01
1.325098001956939719e-01
1.317696294188499540e-01
1.322302868962287881e-01
1.308057044446468420e-01
1.313740350306034088e-01
1.301435704529285420e-01
1.306692035496234972e-01
1.292324280738830489e-01
1.297701661288738206e-01
1.283993360400199901e-01
1.291360065340995678e-01
1.275458717346191484e-01
1.284136123955249842e-01
1.267429253458976779e-01
1.275950855016708407e-01
1.259384645521640644e-01
1.268642370402812969e-01
1.251451332867145605e-01
1.261735132336616605e-01
1.244014020264148646e-01
1.254889769852161330e-01
1.237326179444789842e-01
1.248676532506942799e-01
1.230529280006885523e-01
1.240983080863952703e-01
1.222429759800434113e-01
1.232657015323638944e-01
1.214789992570877025e-01
1.224578465521335563e-01
1.207573395967483504e-01
1.216347186267375952e-01
1.200426545739173845e-01
1.209092789888382008e-01
1.193418790400028184e-01
1.202783997356891565e-01
1.186141122877597820e-01
1.196838140487670871e-01
1.179176206886768385e-01
1.192229297757148726e-01
1.173041476309299447e-01
1.187638041377067633e-01
1.167307095229625641e-01
1.178543004393577537e-01
1.160786168277263691e-01
1.172948217391967807e-01
1.154038040339946808e-01
1.166265113651752533e-01
1.147373890876769997e-01
1.144778203964233465e-01
1.138689395785331682e-01
1.140669471025466952e-01
1.135956524312496246e-01
1.138263922929763777e-01
1.132856407761573814e-01
1.135301393270492509e-01
1.129588493704795776e-01
1.132471323013305720e-01
1.126506727933883623e-01
1.129815872013568839e-01
1.123281493782997131e-01
1.127232824265956834e-01
1.120171166956424741e-01
1.124552628397941650e-01
1.117048364877700761e-01
1.121982714533805853e-01
1.114025317132472936e-01
1.119141891598701422e-01
1.111129534244537365e-01
1.115406839549541451e-01
1.107946306467056247e-01
1.113003979623317652e-01
1.105046182870864924e-01
1.110239870846271570e-01
1.102197122573852495e-01
1.107545052468776742e-01
1.099329242110252403e-01
1.104758870601654092e-01
1.096552810072898843e-01
1.102108140289783517e-01
1.093692785501480108e-01
1.099370318651199385e-01
1.090861603617668124e-01
1.096583345532417264e-01
1.088145020604133623e-01
1.093828406929969743e-01
1.085307084023952456e-01
1.091203428804874420e-01
1.082632124423980741e-01
1.088460341095924405e-01
1.079897031188011142e-01
1.085768148303031949e-01
1.077198441326618211e-01
1.082986289262771601e-01
1.074534200131893186e-01
1.080317449569702104e-01
1.071879586577415416e-01
1.077658808231353738e-01
1.068934112787246760e-01
1.070194345712661699e-01
1.067229419946670588e-01
1.067328666150569871e-01
1.065704132616519945e-01
1.065778642892837580e-01
1.064249049127101859e-01
1.064436224102973949e-01
1.062813571095466564e-01
1.063298073410987865e-01
1.061506666243076380e-01
1.062302176654338903e-01
1.060180215537548098e-01
1.061305715143680550e-01
1.058860597014427141e-01
1.060241265594959320e-01
1.057549057900905587e-01
1.059075431525707267e-01
1.056156058609485637e-01
1.057903610169887570e-01
1.054852913320064589e-01
1.056760084629058821e-01
1.053483118116855660e-01
1.055424953997135123e-01
1.052117186784744252e-01
1.054205889999866447e-01
1.050780718028545418e-01
1.052853028476238295e-01
1.049485795199871091e-01
1.051589946448802937e-01
1.048153798282146498e-01
1.050265297293662969e-01
1.046772320568561537e-01
1.048990964889526395e-01
1.045479458570480330e-01
1.047706043720245395e-01
1.044236677885055503e-01
1.046419157087802865e-01
1.042921799421310386e-01
1.045083786547184035e-01
1.041614784300327334e-01
1.043900004029273965e-01
1.040332202613353796e-01
1.042663243412971508e-01
1.039072564244270386e-01
1.041420233249664290e-01
1.037837766110897009e-01
1.040153826773166645e-01
1.036544696986675257e-01
1.038881489634513877e-01
1.035880430042743633e-01
1.033789630234241419e-01
1.033098053932189897e-01
1.032659856975078616e-01
1.032221992313861886e-01
1.031846916675567688e-01
1.031438335776329041e-01
1.031046812236309090e-01
1.030652664601802854e-01
1.030290789902210263e-01
1.029903919994831080e-01
1.029522433876991216e-01
1.029177251458168046e-01
1.028810341656208049e-01
1.028418412804603527e-01
1.028056724369525859e-01
1.027707472443580572e-01
1.027353726327419337e-01
1.026968358457088504e-01
1.026605738699436221e-01
1.026232461631298026e-01
1.025893577933311429e-01
1.025505451858043648e-01
1.025168646872043621e-01
1.024778772890567735e-01
1.024427749216556549e-01
1.024060197174549158e-01
1.023707048594951624e-01
1.023298887908458688e-01
1.022949592769145932e-01
1.022570565342903193e-01
1.022233624756336279e-01
1.021824938058853161e-01
1.021517784893512665e-01
1.021093524992466028e-01
1.020773032307624867e-01
1.020355129241943409e-01
1.020108187198638938e-01
1.019623140990734145e-01
1.019471670687198683e-01
1.018937292695045460e-01
1.018996904790401420e-01
1.018383683264255518e-01
1.018779683113098106e-01
1.017969170212745661e-01
1.018523713946342529e-01
1.017360825836658433e-01
1.017846754193306030e-01
1.016604250669479320e-01
1.016907285153865748e-01
1.015367846190929346e-01
1.013502700626850161e-01
1.013449114561080916e-01
1.013227401673793826e-01
1.013060958683490720e-01
1.012853950262069674e-01
1.012676715850830134e-01
1.012504968047142073e-01
1.012336672842502616e-01
1.012175628542900108e-01
1.011995485424995456e-01
1.011839172244071994e-01
1.011654895544052135e-01
1.011489294469356537e-01
1.011306729912757885e-01
1.011132718622684418e-01
1.010944806039333344e-01
1.010780271887779247e-01
1.010593682527542170e-01
1.010418212413787820e-01
1.010232983529567724e-01
1.010027420520782510e-01
1.009864608943462361e-01
1.009677909314632416e-01
1.009518386423587794e-01
1.009354545176029266e-01
1.009174731373786993e-01
1.008999443054199169e-01
1.008795852959156053e-01
1.008600457012653329e-01
1.008412599563598688e-01
1.008218549191951807e-01
1.008034889400005324e-01
1.007869644463062347e-01
1.007691518962383209e-01
1.007504755258560175e-01
1.007291916012763994e-01
1.007102823257446239e-01
1.006916365027427651e-01
1.006719803810119662e-01
1.006530477106571259e-01
1.006338346004486128e-01
1.006158405542373624e-01
1.005965213477611475e-01
1.005786624550819436e-01
1.005602078139781891e-01
1.005412361025810192e-01
1.005201010406017309e-01
1.005027751624584242e-01
1.004831030964851435e-01
1.004111869633197845e-01
1.003734804689884186e-01
1.003633208572864560e-01
1.003538002073764840e-01
1.003430688381195118e-01
1.003328669071197471e-01
1.003228352963924375e-01
1.003125636279583038e-01
1.003031168878078527e-01
1.002938860654830899e-01
1.002846129238605527e-01
1.002748012542724609e-01
1.002647712826728876e-01
1.002545852959156047e-01
1.002436795830726618e-01
1.002342136204242701e-01
1.002246597409248291e-01
1.002144284546375302e-01
1.002050730586051958e-01
1.001946270465850775e-01
1.001841175556182906e-01
1.001740585267543726e-01
1.001640893518924713e-01
1.001548594236373879e-01
1.001455165445804540e-01
1.001354008913040161e-01
1.001257386803627025e-01
1.001162728667259194e-01
1.001066912710666668e-01
1.000967760384082750e-01
1.000870694220066109e-01
1.000770115852355896e-01
1.000682234764099093e-01
1.000587607920169764e-01
1.000490355491638200e-01
1.000399841368198456e-01
1.000288009643554715e-01
1.000188630819320718e-01
1.000089465081691747e-01
9.999944806098938488e-02
9.998985037207602788e-02
9.997958764433860501e-02
9.996975764632225203e-02
9.996024742722511847e-02
9.995082199573517012e-02
9.994260445237160284e-02
9.993282392621040400e-02
9.992319181561469532e-02
9.991347879171370849e-02
9.990411788225174450e-02
9.986126229166984725e-02
9.984965860843658669e-02
9.984423547983169167e-02
9.983898028731345853e-02
9.983293250203133240e-02
9.982795506715774758e-02
9.982244998216628640e-02
9.981732547283173052e-02
9.981257632374763988e-02
9.980833902955055237e-02
9.980334982275962386e-02
9.979831069707870150e-02
9.979335546493529885e-02
9.978864580392837746e-02
9.978472441434860229e-02
9.977897346019744262e-02
9.977474808692932129e-02
9.977031722664833624e-02
9.976547330617904774e-02
9.976036772131920138e-02
9.975527271628380210e-02
9.975117236375809215e-02
9.974653795361518305e-02
9.974226161837577986e-02
9.973748698830604831e-02
9.973184674978256836e-02
9.972661986947059520e-02
9.972164332866668979e-02
9.971684768795967269e-02
9.971179232001305126e-02
9.970781385898590254e-02
9.970320343971252053e-02
9.969810545444487970e-02
9.969267189502716009e-02
9.968688547611236073e-02
9.968164786696434576e-02
9.967698574066162498e-02
9.967133373022080134e-02
9.966565474867820906e-02
9.966077283024787903e-02
9.965648606419563738e-02
9.965113192796706820e-02
9.964594647288321783e-02
9.964084252715110779e-02
9.963603392243385037e-02
9.963131025433540067e-02
9.962639242410659124e-02
9.962188497185707481e-02
9.961692020297049921e-02
9.961242169141769354e-02
9.959024712443351190e-02
9.958745241165160855e-02
9.958477839827536982e-02
9.958216354250908064e-02
9.958026319742202537e-02
9.957807451486587469e-02
9.957587867975234430e-02
9.957343429327010498e-02
9.957098782062530351e-02
9.956826508045196755e-02
9.956586152315140270e-02
9.956335917115211043e-02
9.956118047237395852e-02
9.955856159329413979e-02
9.955618649721145741e-02
9.955343440175055958e-02
9.955106303095817566e-02
9.954888597130776007e-02
9.954706728458403986e-02
9.954451933503151440e-02
9.954153567552566362e-02
9.953916415572167109e-02
9.953700900077819269e-02
9.953442692756653276e-02
9.953190267086028942e-02
9.952968820929526672e-02
9.952737450599670466e-02
9.952516227960586659e-02
9.952320158481597900e-02
9.952084988355636153e-02
9.951838001608848128e-02
9.951622352004051153e-02
9.951366499066352511e-02
9.951092094182968639e-02
9.950838848948478921e-02
9.950590640306472556e-02
9.950329422950744684e-02
9.950086742639541182e-02
9.949842333793640359e-02
9.949574619531631470e-02
9.949356243014335910e-02
9.949124500155448469e-02
9.948871791362762229e-02
9.948630377650261036e-02
9.948384046554564764e-02
9.948117747902869568e-02
9.947881236672401206e-02
9.947614476084709612e-02
9.947355002164841309e-02
9.947130680084229071e-02
