3.207727380013238871e-01
3.156490020010096487e-01
3.057864809998136479e-01
3.037464990011358168e-01
2.999898179987212643e-01
3.147752200002287282e-01
3.055698059997666860e-01
3.064765710005303845e-01
3.052716480015078560e-01
3.077140440000221133e-01
3.112882929999614134e-01
3.103435279990662821e-01
3.049405399997340282e-01
3.226985969995439518e-01
3.089316189998498885e-01
3.017255520007893210e-01
3.140542629989795387e-01
3.394119719996524509e-01
3.283624719988438301e-01
3.291904590005287901e-01
3.332515889997011982e-01
3.328486560003511840e-01
3.359185029985383153e-01
3.337878210004419088e-01
3.291652629995951429e-01
3.277935879996221047e-01
3.353483570008393144e-01
3.302898439997079549e-01
3.304089370012661675e-01
3.310242970001127105e-01
3.296805150002910523e-01
3.309708769993449096e-01
3.301286829992022831e-01
3.302370149995113024e-01
3.333515760004956974e-01
3.309102830007759621e-01
3.324324780005554203e-01
3.286355030013510259e-01
3.290316330003406620e-01
3.255078170004708227e-01
3.237946260014723521e-01
3.199065400003746618e-01
3.061472859990317374e-01
2.981518639990099473e-01
3.014670789998490363e-01
2.995040410005458398e-01
2.976394060005986830e-01
2.967275320006592665e-01
2.998115650007093791e-01
3.022365070009982446e-01
2.988057360016682651e-01
3.021688089993403992e-01
2.966789630008861423e-01
2.964252740002848441e-01
2.966607199996360578e-01
3.005027069993957411e-01
2.988926560010440880e-01
2.993227189999743132e-01
3.009448739994695643e-01
2.966829710003366927e-01
2.963786709988198709e-01
3.020965770010661799e-01
3.052764160001970595e-01
2.976578840007277904e-01
3.183655120010371320e-01
3.180980819997785147e-01
3.060707109998475062e-01
2.981169110007613199e-01
2.964822329995513428e-01
2.965969670003687497e-01
2.967996150000544731e-01
3.000039990001823753e-01
3.109293479992629727e-01
2.978253940000286093e-01
3.023397590004606172e-01
3.034655640003620647e-01
3.039178500002890360e-01
3.018502410013752524e-01
2.965127360002952628e-01
2.966351159993791953e-01
3.010255180015519727e-01
3.003945270011172397e-01
2.974945019996084739e-01
2.965589609993912745e-01
2.969904180008597905e-01
3.008997109991469188e-01
2.981873280004947446e-01
2.971245179996913066e-01
2.962164990003657294e-01
2.967548169999645324e-01
2.965252659996622242e-01
2.978328529989084927e-01
3.002620559982460691e-01
2.972182220000831876e-01
2.966879190007603029e-01
3.006397930003004149e-01
2.980915649986854987e-01
2.977092189994436922e-01
2.965622239989897935e-01
2.964164410004741512e-01
2.968693379989417735e-01
3.002825219991791528e-01
2.993059260006702971e-01
2.972634540001308778e-01
3.025228129990864545e-01
3.043989620000502327e-01
2.978072000005340669e-01
2.986149909993400797e-01
3.013863550004316494e-01
2.994129430007888004e-01
2.968935799999599112e-01
3.039333790002274327e-01
3.003138179992674850e-01
2.972110730006534141e-01
2.975956219997897279e-01
3.011304949995974312e-01
2.999733399992692284e-01
2.987134619997959817e-01
2.974665490000916179e-01
2.971977870001865085e-01
2.976706209992698859e-01
2.986124519993609283e-01
3.000276599996141158e-01
3.101265109999076230e-01
2.987675120002677431e-01
2.991566590008005733e-01
2.979947759995411616e-01
3.015764449992275331e-01
2.973907350005902117e-01
3.005110529993544333e-01
2.984418910000385949e-01
2.982589980001648655e-01
2.994825179994222708e-01
2.974037079984555021e-01
2.966201719991659047e-01
2.994983759999740869e-01
2.998899880003591534e-01
3.004527600005530985e-01
2.982662800004618475e-01
2.987307389994384721e-01
2.994094079986098222e-01
2.985771309995470801e-01
2.988813100000697887e-01
2.977860810005950043e-01
2.984050279992516153e-01
2.983557059997110628e-01
3.001319579998380505e-01
2.991362449993175687e-01
2.966734080000605900e-01
2.998574939992977306e-01
2.988954140000714688e-01
3.127483680000295863e-01
3.212657099993521115e-01
3.235990850007510744e-01
3.211161899998842273e-01
3.220598059997428209e-01
3.200318510007491568e-01
3.171026709987927461e-01
3.233392269994510571e-01
3.229933500006154645e-01
3.208025809999526246e-01
3.220251679995271843e-01
3.165735700004006503e-01
3.203635689988004742e-01
3.214993530000356259e-01
3.188847930014162557e-01
3.220963099993241485e-01
3.236348579994228203e-01
3.186965999993844889e-01
3.226264899985835655e-01
3.205758639996929560e-01
3.214954450013465248e-01
3.172374589994433336e-01
3.219977339995239163e-01
3.241679229995497735e-01
3.215929550005967030e-01
3.229133050008385908e-01
3.219620260006195167e-01
3.216050969986099517e-01
3.234344789998431224e-01
3.230002870004682336e-01
3.218804320003982866e-01
3.196132500015664846e-01
2.965859840005578008e-01
2.972320720000425354e-01
3.017933440005435841e-01
3.018699069998547202e-01
2.967338300004485063e-01
3.014973300014389679e-01
2.984419040003558621e-01
3.008114660005958285e-01
2.973650899984932039e-01
2.992319420009152964e-01
2.963920380007039057e-01
3.049709370006894460e-01
3.195248409992927918e-01
3.200052499996672850e-01
3.173987440004566452e-01
3.216534919993137009e-01
3.241727140011789743e-01
3.210888960002193926e-01
3.201574329996219603e-01
3.187074289999145549e-01
3.224572740000439808e-01
3.224519629984570201e-01
3.104214289996889420e-01
2.982334700009232620e-01
2.966203110008791555e-01
2.972309929991752142e-01
2.965064589989196975e-01
3.022522370010847226e-01
2.997580399987782585e-01
2.971486789992923150e-01
2.990102510011638515e-01
2.991088540002238005e-01
2.976393459994142177e-01
2.966857929986872477e-01
2.979394569993019104e-01
3.150568559995008400e-01
3.264340980003908044e-01
3.272027260009053862e-01
3.255981539987260476e-01
3.242516850004903972e-01
3.281949920001352439e-01
3.242091949996392941e-01
3.223835600001621060e-01
2.972522190011659404e-01
2.977611810001690174e-01
2.970872300011251355e-01
2.963697779996437021e-01
3.151540740000200458e-01
3.154907040006946772e-01
2.963594679986272240e-01
2.962604620006459299e-01
2.965790470007050317e-01
3.008734499999263790e-01
2.987241199989512097e-01
2.965206669996405253e-01
2.966286990013031755e-01
2.964247679992695339e-01
2.965120599983492866e-01
3.093068239995773183e-01
2.997650449997308897e-01
2.969197820002591470e-01
3.148261669994099066e-01
3.107586790010827826e-01
2.981634580009995261e-01
2.962557899991224986e-01
2.970928249997086823e-01
2.966605769997840980e-01
2.964780439997412032e-01
2.984403350001230137e-01
3.003208629997971002e-01
2.972254420001263497e-01
2.975583549996372312e-01
2.985936400000355206e-01
2.967835240015119780e-01
3.002013780005654553e-01
2.970329710005898960e-01
2.965236380005080719e-01
2.965136679995339364e-01
3.132053310000628699e-01
3.206524010001885472e-01
3.209570010003517382e-01
3.210851499989075819e-01
3.193815039994660765e-01
3.210642909998568939e-01
3.214983819998451509e-01
3.230928140001196880e-01
3.210025740008859430e-01
3.234822419999545673e-01
3.198224159987148596e-01
3.214563719993748236e-01
3.218474229997809744e-01
3.242313920000015059e-01
3.216607039994414663e-01
3.220248639991041273e-01
3.233206780005275505e-01
3.232860839998465963e-01
3.232092380003450671e-01
3.194681909990322310e-01
3.158796079987951089e-01
2.994735089996538591e-01
2.970125449992337963e-01
2.962375460010662209e-01
3.013774400005786447e-01
2.981638580004073447e-01
2.967041579995566281e-01
2.967218810008489527e-01
3.145882090011582477e-01
3.206097439997392939e-01
3.236007979994610650e-01
3.206435960000817431e-01
3.188925710001058178e-01
3.249975700000504730e-01
3.219633940007042838e-01
3.229845939986262238e-01
3.234891880001669051e-01
3.222893519996432588e-01
3.235194740009319503e-01
3.209513290003087604e-01
3.221594989990990143e-01
3.199373220013512764e-01
3.232844929989369120e-01
3.212312120012938976e-01
3.196140370000648545e-01
3.197330990005866624e-01
3.221963859996321844e-01
3.210694380013592308e-01
3.233826949999638600e-01
3.221385870001540752e-01
3.220012609999685083e-01
3.218538640012411634e-01
3.227432580006279750e-01
3.234226080003281822e-01
3.225175950010452652e-01
3.218478320013673510e-01
3.229992249998758780e-01
3.223853769995912444e-01
3.232832169996981975e-01
3.234461900010501267e-01
3.235381819995382102e-01
3.206884020000870805e-01
3.234675889998470666e-01
3.220941300005506491e-01
3.207363299989083316e-01
3.240825990014855051e-01
3.225158990007912507e-01
3.216660790003516013e-01
3.235122309997677803e-01
3.233747539998148568e-01
3.203931269999884535e-01
3.184419770004751626e-01
3.232776519998878939e-01
3.227186750009423122e-01
3.221888339994620765e-01
3.217409659991972148e-01
3.199501460003375541e-01
2.993387719998281682e-01
3.109040240015019663e-01
3.203468480005540187e-01
3.200804079988301964e-01
3.178540139997494407e-01
3.222041909994004527e-01
3.217164790003153030e-01
3.200143440008105244e-01
3.220030439988477156e-01
3.212979850013653049e-01
3.218678899993392406e-01
3.201239579993853113e-01
3.221427640000911197e-01
3.217197720005060546e-01
3.172802179997233907e-01
3.219106699998519616e-01
3.217507999997906154e-01
3.197349190013483167e-01
3.229974710011447314e-01
3.228862220003065886e-01
3.218857409992779139e-01
3.220241899998654844e-01
3.195140749994607177e-01
3.208238740007800516e-01
3.147921310010133311e-01
3.185526950001076329e-01
3.219036329992377432e-01
3.203979869995237095e-01
3.222504309997020755e-01
3.206050220014731167e-01
3.211053779996291269e-01
3.231778850004047854e-01
3.214382509995630244e-01
3.207790670003305422e-01
3.204939739989640657e-01
3.180561529989063274e-01
3.225354320002224995e-01
3.205781109991221456e-01
3.225432749986794079e-01
3.220948070011218078e-01
3.221013689999381313e-01
3.203451730005326681e-01
3.221028909993037814e-01
3.197884620003605960e-01
3.160559699990699301e-01
3.204185499998857267e-01
3.213710519994492643e-01
3.180800749996706145e-01
3.208982060004927916e-01
3.181881470009102486e-01
3.211454880001838319e-01
3.220841529982862994e-01
3.214429939998808550e-01
3.217970459991192911e-01
3.159866080004576361e-01
3.183211239993397612e-01
3.194729680017189821e-01
3.177875259989377810e-01
3.191053110003849724e-01
3.230930379995697876e-01
3.205364759996882640e-01
3.198654409989103442e-01
3.232372879992908565e-01
3.222966180001094472e-01
3.152363410008547362e-01
3.170494320002035238e-01
3.152501069998834282e-01
3.181208959995274199e-01
3.189739520003058715e-01
3.217393239992816234e-01
3.222827499994309619e-01
3.167277699994883733e-01
3.180691790003038477e-01
3.215582640004868153e-01
3.204960279999795603e-01
3.206471090015838854e-01
3.204947639987949515e-01
3.226930060009181034e-01
3.204874499988363823e-01
3.177138810005999403e-01
3.204779409988987027e-01
3.199648119989433326e-01
3.170255429995449958e-01
3.200344919987401227e-01
3.197311740004806779e-01
3.218363309988490073e-01
3.057124930001009488e-01
2.984280170003330568e-01
2.999122229994100053e-01
3.010193030004302273e-01
2.965393930007849121e-01
2.963948830001754686e-01
2.966389289995277068e-01
3.003093549996265210e-01
2.996089939988451079e-01
3.101170589998218929e-01
3.238496140002098400e-01
3.062879760000214446e-01
3.018595430003188085e-01
3.226122089999989839e-01
3.185998429999017389e-01
3.199594559991965070e-01
3.227970439984346740e-01
3.191584279993548989e-01
3.158687539998936700e-01
3.224235139987285947e-01
3.190431620005256264e-01
3.193093690006207908e-01
3.191747859982569935e-01
3.221562530015944503e-01
3.228102060002129292e-01
3.216159319999860600e-01
3.212254409991146531e-01
3.216742509994219290e-01
3.189983450010913657e-01
3.205737320004118374e-01
3.206897079999180278e-01
3.204291910005849786e-01
3.207128810008725850e-01
3.215980770000896882e-01
3.224812079988623736e-01
3.235039310002321145e-01
3.234633249994658399e-01
3.214570109994383529e-01
3.195004919998609694e-01
3.210729929996887222e-01
3.225830169994878815e-01
3.188983850013755728e-01
3.221494650006206939e-01
3.221173250003630528e-01
3.229074629998649471e-01
3.226333800012071151e-01
3.211766949989396380e-01
3.209335899991856422e-01
3.154943160006951075e-01
3.207001230002788361e-01
3.229392310004186584e-01
3.199518530000204919e-01
3.095421620000706753e-01
2.964134169997123536e-01
2.997603059993707575e-01
3.000213039995287545e-01
2.990161730012914632e-01
3.002640569993673125e-01
3.157332710015907651e-01
3.232459520004340447e-01
3.237012729987327475e-01
3.201600299998972332e-01
3.225787739993393188e-01
3.226805630001763348e-01
3.232890409999527037e-01
3.222311019999324344e-01
3.219421619996865047e-01
3.224682359996222658e-01
3.193519070009642746e-01
3.206288349992973963e-01
3.195669779997842852e-01
3.207229199997527758e-01
3.190720820002752589e-01
3.144187779998901533e-01
3.062066789989330573e-01
2.969778869992296677e-01
