7.844677800003410084e-01
7.570002040010876954e-01
7.659869010003603762e-01
7.506656839996139752e-01
7.576341859985404881e-01
7.469552410002506804e-01
7.509017310003400780e-01
7.714738670001679566e-01
7.588945280003827065e-01
7.558130029992753407e-01
7.460619040011806646e-01
7.570446129993797513e-01
7.632059970001137117e-01
7.652595859999564709e-01
7.578321320015675155e-01
7.658457289999205386e-01
7.590429440006118966e-01
7.595636469995952211e-01
7.568223380003473721e-01
7.579548850007995497e-01
7.496479569999792147e-01
7.564708169993537012e-01
7.518901280000136467e-01
7.512703779993898934e-01
7.469786689998727525e-01
7.575569130003714235e-01
7.478689509989635553e-01
7.563394429998879787e-01
7.459929500000725966e-01
7.466201830011414131e-01
7.464586089990916662e-01
7.574173030006932095e-01
7.523778169997967780e-01
7.521462619988596998e-01
7.494590549995336914e-01
7.501765559991326882e-01
7.502633069998410065e-01
7.504940170001646038e-01
7.504384410003694938e-01
7.502252209997095633e-01
7.516990469994198065e-01
7.643074170009640511e-01
7.584607299995695939e-01
7.499847470007807715e-01
7.459221869994507870e-01
7.479467719986132579e-01
7.464337409983272664e-01
7.472646339992934372e-01
7.499705330010328908e-01
7.506302960009634262e-01
7.472524069999053609e-01
7.566673949986579828e-01
7.517728800012264401e-01
7.516831709999678424e-01
7.460854700002528261e-01
7.467191129999264376e-01
7.469437529998685932e-01
7.449961389993404737e-01
7.459417459995165700e-01
7.463105440001527313e-01
7.476863259998935973e-01
7.598850489994219970e-01
7.573952830007328885e-01
7.517781440001272131e-01
7.509296270000049844e-01
7.507026820003375178e-01
7.500378260010620579e-01
7.497803940004814649e-01
7.502775329994619824e-01
7.511631170000327984e-01
7.502202329997089691e-01
7.689655199992557755e-01
7.703507890000764746e-01
7.639551470001606504e-01
7.605411099993943935e-01
7.602070029988681199e-01
7.593186419999256032e-01
7.599957969996467000e-01
7.600797630002489313e-01
7.600534220000554342e-01
7.607649210003728513e-01
7.715682640009617899e-01
7.670758920012303861e-01
7.651359520004916703e-01
7.608541429999604588e-01
7.600411209987214534e-01
7.608059899994259467e-01
7.604329219993815059e-01
7.610269910001079552e-01
7.615290289995755302e-01
7.606677469993883278e-01
7.714106969997374108e-01
7.692083669990097405e-01
7.643357929991907440e-01
7.607091389982088003e-01
7.607143479999649571e-01
7.610401060010190122e-01
7.603294149994326290e-01
7.601355409988173051e-01
7.608488950008904794e-01
7.599735660005535465e-01
7.717587160004768521e-01
7.691203600006701890e-01
7.633748440002818825e-01
7.483796679989609402e-01
7.499359980010922300e-01
7.501697240004432388e-01
7.493716509998193942e-01
7.489704079998773523e-01
7.503798340003413614e-01
7.493305690004490316e-01
7.703864270006306469e-01
7.691896780015667900e-01
7.652230980002059368e-01
7.611111460009851726e-01
7.615173650010547135e-01
7.611909529987315182e-01
7.611641620005684672e-01
7.608844579990545753e-01
7.620441460003348766e-01
7.608744469998782733e-01
7.720882169996912125e-01
7.699655769993114518e-01
7.645239289995515719e-01
7.623223500013409648e-01
7.599041160010528984e-01
7.610289189997274661e-01
7.613836510008695768e-01
7.610617680002178531e-01
7.609427340012189234e-01
7.619078269999590702e-01
7.716903009986708639e-01
7.682010349999472965e-01
7.587306719997286564e-01
7.546826999987388263e-01
7.556494679993193131e-01
7.553674999999202555e-01
7.542279379995306954e-01
7.559690720008802600e-01
7.554197040008148178e-01
7.559844389998033876e-01
7.718121469988545869e-01
7.666397819994017482e-01
7.697418330008076737e-01
7.663391690002754331e-01
7.789431080000213115e-01
7.819149349998042453e-01
7.855250339998747222e-01
7.769887900012690807e-01
7.839914040014264174e-01
7.796119840004394064e-01
7.771710870001697913e-01
7.821376740012055961e-01
7.730673999994905898e-01
7.718337730002531316e-01
7.713270940002985299e-01
7.619934570011537289e-01
7.716276539995305939e-01
7.771208459998888429e-01
7.657616509986837627e-01
7.656687159997090930e-01
7.738905599999270635e-01
7.658898179997777333e-01
7.597949680002784589e-01
7.552294190008979058e-01
7.638312840008438798e-01
7.647266780004429165e-01
7.538992690006125486e-01
7.550598679990798701e-01
7.748633709998102859e-01
7.587383939990104409e-01
7.653239489991392475e-01
7.627967320004245266e-01
7.641262270008155610e-01
7.667138649994740263e-01
7.625249199991230853e-01
7.585936269988451386e-01
7.558991869991587009e-01
7.634606169995095115e-01
7.599728440000035334e-01
7.598810710005636793e-01
7.714244660000986187e-01
7.671940950003772741e-01
7.579365709989360766e-01
7.634401920004165731e-01
7.695884580007259501e-01
7.703993739996803924e-01
7.594690830010222271e-01
7.714994790003402159e-01
7.592819700003019534e-01
7.671000890004506800e-01
7.702463730001909425e-01
7.635335980012314394e-01
7.581368950013711583e-01
7.553100670011190232e-01
7.653346920014882926e-01
7.767918869994900888e-01
7.643796940010361141e-01
7.686774909998348448e-01
7.543123360010213219e-01
7.540323819994227961e-01
7.822469429993361700e-01
7.709004030002688523e-01
7.502254289993288694e-01
7.501073980001820019e-01
7.607012780008517439e-01
7.680145520007499726e-01
7.724966229998244671e-01
7.751214309992064955e-01
7.743881679998594336e-01
7.652155439991474850e-01
7.601679840008728206e-01
7.567962579996674322e-01
7.727230699983920204e-01
7.643039049999060808e-01
7.692105290007020812e-01
7.653739039997162763e-01
7.652093849992525065e-01
7.630698130014934577e-01
7.601728240006195847e-01
7.577407660010067048e-01
7.681988620006450219e-01
7.833700909995968686e-01
7.727193720002105692e-01
7.552146779999020509e-01
7.610145019989431603e-01
7.688089370003581280e-01
7.596942620002664626e-01
7.622282489992358023e-01
7.630646530014928430e-01
7.617373390003194800e-01
7.666479710005660309e-01
7.596710729994811118e-01
7.527474550006445497e-01
7.521530530011659721e-01
7.568898190002073534e-01
7.655556529989553383e-01
7.574998979998781579e-01
7.628761510004551383e-01
7.582173980008519720e-01
7.573328729995409958e-01
7.819317720004619332e-01
7.737051069998415187e-01
7.727935210004943656e-01
7.602907899999991059e-01
7.562591599998995662e-01
7.656557409991364693e-01
7.632842749990231823e-01
7.617231450003600912e-01
7.685599079995881766e-01
7.532942809993983246e-01
7.721482659999310272e-01
7.539772159998392453e-01
7.656949470001563895e-01
7.523563630002172431e-01
7.521072270010336069e-01
7.524608470012026373e-01
7.524773860004643211e-01
7.523468210001738044e-01
7.524229029986599926e-01
7.519516810007189633e-01
7.652630510001472430e-01
7.590637470002548071e-01
7.581556889999774285e-01
7.692563459986558883e-01
7.544148619999759831e-01
7.673201739999058191e-01
7.522948050009290455e-01
7.524371210001845611e-01
7.524902999994083075e-01
7.570046799992269371e-01
7.708396199996059295e-01
7.601707280009577516e-01
7.560697089993482223e-01
7.661804039998969529e-01
7.623996540005464340e-01
7.709628949996840674e-01
7.631607450002775295e-01
7.638006199995288625e-01
7.746703049997449853e-01
7.650675679997220868e-01
7.597345039994252147e-01
7.712985079997451976e-01
7.787584869984129909e-01
7.870444990003306884e-01
7.760562110015598591e-01
7.884613270016416209e-01
7.756821599996328587e-01
7.762584060001245234e-01
7.749036309996881755e-01
7.713528120002592914e-01
7.665955739994387841e-01
7.636159220000990899e-01
7.620307170000160113e-01
7.611432270005025202e-01
7.648460090003936784e-01
7.719154679998609936e-01
7.719406639989756513e-01
7.806743140008620685e-01
7.696672710007987916e-01
7.807623970002168790e-01
7.712604580010520294e-01
7.744887549997656606e-01
7.677967899999202928e-01
7.731542459987394977e-01
7.681251020003401209e-01
7.666205880013876595e-01
7.547858769994491013e-01
7.549427789999754168e-01
7.559694980009226128e-01
7.605623750005179318e-01
7.597422309991088696e-01
7.546033910002734046e-01
7.532040840014815331e-01
7.585709079994558124e-01
7.601166469994495856e-01
7.532269339990307344e-01
7.517379390010319185e-01
7.520259459997760132e-01
7.581042909987445455e-01
7.675726750003377674e-01
7.661939370009349659e-01
7.661274100009904942e-01
7.667761530010466231e-01
7.687554530002671527e-01
7.668105160009872634e-01
7.673065920007502427e-01
7.685579919998417608e-01
7.696680259996355744e-01
7.722320989996660501e-01
7.640370250010164455e-01
7.648539519996120362e-01
7.653477749990997836e-01
7.652065800011769170e-01
7.654520069991122000e-01
7.661265879996790318e-01
7.641859180002938956e-01
7.677989839994552312e-01
7.666730470009497367e-01
7.674425850000261562e-01
7.667326770006184233e-01
7.691173050006909762e-01
7.689143949992285343e-01
7.669466440001997398e-01
7.660828079988277750e-01
7.691268189992115367e-01
7.697107799995137611e-01
7.694193150000501191e-01
7.623978150004404597e-01
7.547717950001242571e-01
7.534171299994341098e-01
7.548669800016796216e-01
7.514438790003623581e-01
7.560629350009548943e-01
7.546562529987568269e-01
7.513299530000949744e-01
7.523210860017570667e-01
7.552466659999481635e-01
7.527629100004560314e-01
7.610787880003044847e-01
7.676794700000755256e-01
7.676939459997811355e-01
7.692320120004296768e-01
7.572304899986193050e-01
7.574076500004593981e-01
7.595509069997206097e-01
7.682437799994659144e-01
7.692668720010260586e-01
7.614275329997326480e-01
7.727815630005352432e-01
7.636006049997376977e-01
7.766799000000901287e-01
7.700118419998034369e-01
7.655019880003237631e-01
7.558519630001683254e-01
7.633340720003616298e-01
7.632303270002012141e-01
7.637582639999891398e-01
7.536998560008214554e-01
7.571332449988403823e-01
7.681198479986051098e-01
7.630220049995841691e-01
7.629949829988618148e-01
7.666610269989178050e-01
7.645164059995295247e-01
7.671686840003530961e-01
7.542714480005088262e-01
7.722736380001151701e-01
7.598407099994801683e-01
7.731681989989738213e-01
7.747499159995641094e-01
7.789860859993495978e-01
7.671077049999439623e-01
7.660552159995859256e-01
7.654509759995562490e-01
7.599380359988572309e-01
7.551532090001273900e-01
7.686031869998259936e-01
7.716928130012092879e-01
7.731998199997178745e-01
7.701704049995896639e-01
7.569495839998126030e-01
7.623020319988427218e-01
7.823164229994290508e-01
7.798669519997929456e-01
7.744256779988063499e-01
7.735042139993311139e-01
7.737434900009247940e-01
7.736494740001944592e-01
7.595191230011550942e-01
7.706995759999699658e-01
7.643877840000641299e-01
7.610932440002216026e-01
7.622995279998576734e-01
7.667579930002830224e-01
7.575440250002429821e-01
7.593932019990461413e-01
7.634025980005390011e-01
7.636153949988511158e-01
7.607494450003287056e-01
7.597209520008618711e-01
7.639938400006940356e-01
7.611712310008442728e-01
7.655888709996361285e-01
7.629442249999556225e-01
7.662656539996532956e-01
7.748013739983434789e-01
7.743159849997027777e-01
7.671018359997106018e-01
7.586587990008410998e-01
7.613512620009714738e-01
7.565584099993429845e-01
7.494055850002041552e-01
7.533464619991718791e-01
7.529001980001339689e-01
7.562145540014171274e-01
7.542112280007131631e-01
7.572321650004596449e-01
7.617487200004688930e-01
7.601140120004856726e-01
7.570777949986222666e-01
7.546724660005565966e-01
7.500398629999835975e-01
7.502607660007925006e-01
7.521930980001343414e-01
7.537034010001661954e-01
7.550275670000701211e-01
7.616968059992359485e-01
7.649963650001154747e-01
7.640474690015253145e-01
7.646890779997193022e-01
7.564193849993898766e-01
7.509669600003689993e-01
7.488362349995441036e-01
7.513211309997132048e-01
7.512477529999159742e-01
7.521953739997115918e-01
7.510336809991713380e-01
7.518036399997072294e-01
7.509796089998417301e-01
7.533692650013108505e-01
7.540539649999118410e-01
7.551779660007014172e-01
7.555616930003452580e-01
7.538125419996504206e-01
7.530815640002401778e-01
7.514375199989444809e-01
7.543071249983768212e-01
7.568490459998429287e-01
7.549483819984743604e-01
7.561382869989756728e-01
7.516326409986504586e-01
7.534695549984462559e-01
7.527033419992221752e-01
7.523875509996287292e-01
7.534654350001801504e-01
7.542024029989988776e-01
7.544968319998588413e-01
7.582526240003062412e-01
7.534982239994860720e-01
7.541253449999203440e-01
7.549166140015586279e-01
7.497797500000160653e-01
7.525103150001086760e-01
7.529375119993346743e-01
7.528810059993702453e-01
7.525870150002447190e-01
7.527597280004556524e-01
7.502976240011776099e-01
7.515819340005691629e-01
7.530759970013605198e-01
7.519891939991794061e-01
7.513811169992550276e-01
7.504047610000270652e-01
7.657123509998200461e-01
7.660150160008925013e-01
7.645492540013947291e-01
7.655456770007731393e-01
7.638977059996250318e-01
7.655040379995625699e-01
