9.869688582420349521e-01
6.426478362083435369e-01
4.783318048715591297e-01
3.562972187995910867e-01
2.569360500574112138e-01
2.341072589159011730e-01
2.274663719534874007e-01
2.146824979782104570e-01
2.112485483288764898e-01
2.056641691923141446e-01
2.031204614043235768e-01
1.996793073415756292e-01
1.976628130674362160e-01
1.952788355946540877e-01
1.938800960779190063e-01
1.921294707059860163e-01
1.911510843038558838e-01
1.898015892505645619e-01
1.890605077147483881e-01
1.879144039750099138e-01
1.870364451408386142e-01
1.858702865242957969e-01
1.848703792691230863e-01
1.838658142089843739e-01
1.830543786287307795e-01
1.822506380081176658e-01
1.811181983351707325e-01
1.801753398776054504e-01
1.788948935270309459e-01
1.784995052218437128e-01
1.777158638834953341e-01
1.772514411807060153e-01
1.754733225703239419e-01
1.742825230956077665e-01
1.728549692034721252e-01
1.717997190356254644e-01
1.704911604523658697e-01
1.697147184610366955e-01
1.691098204255103987e-01
1.686615619063377425e-01
1.678526550531387329e-01
1.679391860961914062e-01
1.662944307923316933e-01
1.642791381478309609e-01
1.622790867090225242e-01
1.604951652884483437e-01
1.591918748617172363e-01
1.578247451782226474e-01
1.566053181886672974e-01
1.552978140115738037e-01
1.552685630321502808e-01
1.542644608020782571e-01
1.530960530042648204e-01
1.515077257156371981e-01
1.499203827977180492e-01
1.487547990679740917e-01
1.480515155196189814e-01
1.475713461637497004e-01
1.471085041761398260e-01
1.465170145034790095e-01
1.458064076304435852e-01
1.450130671262740978e-01
1.446139949560165394e-01
1.451689741015434187e-01
1.456264504790306114e-01
1.441609904170036427e-01
1.420545822381973355e-01
1.411848238110542386e-01
1.403035467863082975e-01
1.400059860944747880e-01
1.398429271578788824e-01
1.397457937896251778e-01
1.398315757513046154e-01
1.391744911670684814e-01
1.386758495867252416e-01
1.384660312533378679e-01
1.380368399620056086e-01
1.382174026966095093e-01
1.376520586013793845e-01
1.370767635107040527e-01
1.364089116454124395e-01
1.354011060297489188e-01
1.348458665609359730e-01
1.340915946662425973e-01
1.341763049364090021e-01
1.340040636062622137e-01
1.348731410503387351e-01
1.352177563309669428e-01
1.365141113102436021e-01
1.368321594595909019e-01
1.370695024728774969e-01
1.368824839591979980e-01
1.367863339185714788e-01
1.357779139280319292e-01
1.338531887531280440e-01
1.316194865107536416e-01
1.301315468549728294e-01
1.292277580499648915e-01
1.291996288299560591e-01
1.295188350975513547e-01
1.305735193192958943e-01
1.254266634583473261e-01
1.243274658918380737e-01
1.238940426707267756e-01
1.235673387348651953e-01
1.233096696436405126e-01
1.230805501341819819e-01
1.228677447140216761e-01
1.226575052738189675e-01
1.224503269791603066e-01
1.222442653775215188e-01
1.220391809940338107e-01
1.218336449563503232e-01
1.216309510171413449e-01
1.214293633401393874e-01
1.212380245327949468e-01
1.210603380203247037e-01
1.209558531641960200e-01
1.210308316349983232e-01
1.214284694194793651e-01
1.217545114457607297e-01
1.215435403585433949e-01
1.209601843357086121e-01
1.205925764143466888e-01
1.202209639549255416e-01
1.199807824194431272e-01
1.197277100384235432e-01
1.195637187361717202e-01
1.193638233840465523e-01
1.192635646462440469e-01
1.190878108143806485e-01
1.190714412927627586e-01
1.188626529276371052e-01
1.188130128383636519e-01
1.184753620624542231e-01
1.182955326139926849e-01
1.179135508835315732e-01
1.177466681599616954e-01
1.174064174294471713e-01
1.172968648374080602e-01
1.170150117576122251e-01
1.169653867185115881e-01
1.167581744492054013e-01
1.169371660053730028e-01
1.170716471970081329e-01
1.174651449918747009e-01
1.172831960022449466e-01
1.169994400441646543e-01
1.165922546386718717e-01
1.164718732237815801e-01
1.162410746514797172e-01
1.149823279678821586e-01
1.148921351134777058e-01
1.147995242476463340e-01
1.147112825512886097e-01
1.146220988035202004e-01
1.145337396860122703e-01
1.144436097145080516e-01
1.143548101186752375e-01
1.142644567787647197e-01
1.141739837825298254e-01
1.140809753537178062e-01
1.139880101382732408e-01
1.138948243856430093e-01
1.137991303205490162e-01
1.137059701979160342e-01
1.136090430617332503e-01
1.135125599801540403e-01
1.134146845340728710e-01
1.133168590068817094e-01
1.132193130254745550e-01
1.131207071244716700e-01
1.130208024382591270e-01
1.129192052781581856e-01
1.128208206593990376e-01
1.127180425822734838e-01
1.126185107231140181e-01
1.125145840644836415e-01
1.124206240475177782e-01
1.123198311030864649e-01
1.122570654749870250e-01
1.122182269394397802e-01
1.123929205536842307e-01
1.126911267638206482e-01
1.128324507176876046e-01
1.125955285131931272e-01
1.122673816978931455e-01
1.120439834892749814e-01
1.118642351031303439e-01
1.117176692187786119e-01
1.115942923724651398e-01
1.114782017469406195e-01
1.113778026401996551e-01
1.112816856801509824e-01
1.111905618011951452e-01
1.111072424054145857e-01
1.110141122341156000e-01
1.109545060992240956e-01
1.108569069206714608e-01
1.108322952687740282e-01
1.107888418436050459e-01
1.104530577361583776e-01
1.103955827653408106e-01
1.103603546321392098e-01
1.103224566578865085e-01
1.102832537889480574e-01
1.102419470250606548e-01
1.101995326578617124e-01
1.101558040082454698e-01
1.101120647788047802e-01
1.100673617422580769e-01
1.100203236937522949e-01
1.099714620411395977e-01
1.099234697222709611e-01
1.098741655051708177e-01
1.098233437538146950e-01
1.097712720930576341e-01
1.097206170856952628e-01
1.096679367125034388e-01
1.096152547001838645e-01
1.095617322623729656e-01
1.095064310729503693e-01
1.094510830938816015e-01
1.093972705304622622e-01
1.093412941694259649e-01
1.092866280674934382e-01
1.092295986413955727e-01
1.091749452054500552e-01
1.091162343323230782e-01
1.090623332560062414e-01
1.090028892457485243e-01
1.089563581347465504e-01
1.088962870836257951e-01
1.088655075430870062e-01
1.088213883340358734e-01
1.088504654169082653e-01
1.088483121991157543e-01
1.088854140043258728e-01
1.088128097355365725e-01
1.087331706285476624e-01
1.086170275509357463e-01
1.085428959131240906e-01
1.084466627240180947e-01
1.083929973840713490e-01
1.083131545782089200e-01
1.082664804160594907e-01
1.081978665292263053e-01
1.081601057946681987e-01
1.081022845208644834e-01
1.080704310536384632e-01
1.080578367412090290e-01
1.079982815682888064e-01
1.079635627567768069e-01
1.079231098294258090e-01
1.078822322189807864e-01
1.078423517942428550e-01
1.078033903241157471e-01
1.077653421461582245e-01
1.077289187908172657e-01
1.076937481760978643e-01
1.076589395105838759e-01
1.076249668002128568e-01
1.075914162397384605e-01
1.075587119162082633e-01
1.075269110500812475e-01
1.074948748946189941e-01
1.074639680981636092e-01
1.074338676035404144e-01
1.074030071496963473e-01
1.073735237121582059e-01
1.073426851630210899e-01
1.073132394254207589e-01
1.072831919789314220e-01
1.072540757060050920e-01
1.072245401144027721e-01
1.071958278119564123e-01
1.071669022738933608e-01
1.071376927196979467e-01
1.071086612343788158e-01
1.070799520611763062e-01
1.070506744086742457e-01
1.070223084092140203e-01
1.069934880733490051e-01
1.069648630917072324e-01
1.069358016550540913e-01
1.069064909219741843e-01
1.068778456747531830e-01
1.068488337099552099e-01
1.068199940025806455e-01
1.067910756170749598e-01
1.067619284987449679e-01
1.067329354584217044e-01
1.067034754157066279e-01
1.066750006377697041e-01
1.066451238095760395e-01
1.066171216964721669e-01
1.065864455699920693e-01
1.065580183267593323e-01
1.065273597836494390e-01
1.065013538300991075e-01
1.064481651782989563e-01
1.064317601919174128e-01
1.064147420227527646e-01
1.063989366590976648e-01
1.063830471038818420e-01
1.063673289120197346e-01
1.063520024716854140e-01
1.063368509709834986e-01
1.063216097652912168e-01
1.063061651587486334e-01
1.062905508279800432e-01
1.062750951945781730e-01
1.062595026195049253e-01
1.062439833581447640e-01
1.062282489240169575e-01
1.062127478420734350e-01
1.061972190439701147e-01
1.061817045509815260e-01
1.061662790179252608e-01
1.061510476469993552e-01
1.061350168287754081e-01
1.061190982162952406e-01
1.061034999787807409e-01
1.060877192020416304e-01
1.060719113051891288e-01
1.060560034215450309e-01
1.060402944684028653e-01
1.060248290002346050e-01
1.060090503096580566e-01
1.059932030737400083e-01
1.059773615002632119e-01
1.059616355597972903e-01
1.059460082650184598e-01
1.059298810362815924e-01
1.059138658642768821e-01
1.058979621529579224e-01
1.058819882571697263e-01
1.058659400045871696e-01
1.058499442040920224e-01
1.058341845870018061e-01
1.058181616663932817e-01
1.058022187650203699e-01
1.057863175868987982e-01
1.057700803875923218e-01
1.057541087269782965e-01
1.057378305494785370e-01
1.057219098508357935e-01
1.057060593366622864e-01
1.056897862255573306e-01
1.056736503541469557e-01
1.056429205834865520e-01
1.056340382993221222e-01
1.056258884072303755e-01
1.056173460185527851e-01
1.056094449758529646e-01
1.056013891100883451e-01
1.055931626260280670e-01
1.055849389731883942e-01
1.055772165954113051e-01
1.055687385797500627e-01
1.055604842305183366e-01
1.055526572465896595e-01
1.055444319546222642e-01
1.055361944437026994e-01
1.055279690027236955e-01
1.055196681618690430e-01
1.055117601156234791e-01
1.055031420290470090e-01
1.054951255023479501e-01
1.054870060086250255e-01
1.054785889387130776e-01
1.054703870415687611e-01
1.054622736573219283e-01
1.054541544616222348e-01
1.054457987844943934e-01
1.054375042021274550e-01
1.054290376603603391e-01
1.054208734631538330e-01
1.054127296805381780e-01
1.054047726094722720e-01
1.053969331085681943e-01
1.053886196017265325e-01
1.053803610801696822e-01
1.053720910847187053e-01
1.053638431429863020e-01
1.053554151952266760e-01
1.053474842011928592e-01
1.053389628231525404e-01
1.053308001160621621e-01
1.053224778175353982e-01
1.053144362568855241e-01
1.053064376115799006e-01
1.052978923916816772e-01
1.052896308898925715e-01
1.052812045812606817e-01
1.052731151878833760e-01
1.052647912502288757e-01
1.052563907206058441e-01
1.052484641969203966e-01
1.052401310205459545e-01
1.052240933477878587e-01
1.052199609577655764e-01
1.052156697213649794e-01
1.052114966511726313e-01
1.052072571218013730e-01
1.052030946314334858e-01
1.051990659534931122e-01
1.051948285102844299e-01
1.051907055079936981e-01
1.051866754889488192e-01
1.051823173463344585e-01
1.051783318817615526e-01
1.051741355657577481e-01
1.051698864996433308e-01
1.051660050451755507e-01
1.051618234813213315e-01
1.051577140390873022e-01
1.051537495851516679e-01
1.051495455205440493e-01
1.051455436646938357e-01
1.051414299011230458e-01
1.051371076703071644e-01
1.051329393684864028e-01
1.051286616921424805e-01
1.051245483756065302e-01
1.051203884184360449e-01
1.051162122189998605e-01
1.051121123135089902e-01
1.051076625287532817e-01
1.051036202907562195e-01
1.050996385514736120e-01
1.050954945385456085e-01
1.050914716720581094e-01
1.050874187052249914e-01
1.050833840668201485e-01
1.050789664685726210e-01
1.050748643279075661e-01
1.050705766677856451e-01
1.050664682686328899e-01
1.050621294975280784e-01
1.050580371916294137e-01
1.050541400909423828e-01
1.050498917698860224e-01
1.050458334386348697e-01
1.050415463745593969e-01
1.050376945734024098e-01
1.050335262715816481e-01
1.050292952358722748e-01
1.050253015756607011e-01
1.050211171805858629e-01
1.050132912397384599e-01
1.050113414227962505e-01
1.050091071426868389e-01
1.050070175528526328e-01
1.050048269331455286e-01
1.050027266144752530e-01
1.050008799135684900e-01
1.049987943470477997e-01
1.049966873228549979e-01
1.049947330355644193e-01
1.049924099445343068e-01
1.049903747439384499e-01
1.049884577095508559e-01
1.049864758551120741e-01
1.049841800332069336e-01
1.049820306897163436e-01
1.049798482656478932e-01
1.049777843058109228e-01
1.049758994579315236e-01
1.049736648797988947e-01
1.049715149402618425e-01
1.049695187807083152e-01
1.049672934412956282e-01
1.049653507769107846e-01
1.049632446467876484e-01
1.049610680341720587e-01
1.049591284990310652e-01
1.049570479989051786e-01
1.049549229443073328e-01
1.049529942870140037e-01
1.049510310590267143e-01
1.049489437043666790e-01
1.049468161165714314e-01
1.049448649585247029e-01
1.049428206682205267e-01
1.049407666921615551e-01
1.049387073516845764e-01
1.049365797638893150e-01
1.049345588684082037e-01
1.049323138594627364e-01
1.049301753938198106e-01
1.049281401932239538e-01
1.049260547757148720e-01
1.049239800870418599e-01
1.049220539629459326e-01
1.049198351800441770e-01
1.049177521467208885e-01
1.049156500399112679e-01
1.049136705696582794e-01
1.049116292595863309e-01
