3.610168489994975971e-01
2.652010090005205711e-01
2.550907540007756324e-01
2.573661259993968997e-01
2.557769669983827043e-01
2.483325939992937492e-01
2.518769279995467514e-01
2.527716700005839812e-01
2.470766169990383787e-01
2.479115780006395653e-01
2.499858240007597487e-01
2.528892900008941069e-01
2.475370070005737944e-01
2.482547590007015970e-01
2.489593760001298506e-01
2.524386980003328063e-01
2.499753850006527500e-01
2.471744599988596747e-01
2.479401810014678631e-01
2.479811579996749060e-01
2.466361240003607236e-01
2.480899909987783758e-01
2.515721990002930397e-01
2.471718659999169176e-01
2.470320239990542177e-01
2.493811540007300209e-01
2.486844020004355116e-01
2.470603769997978816e-01
2.472084040000481764e-01
2.466093240000191145e-01
2.468038370006979676e-01
2.470315430000482593e-01
2.465055709999433020e-01
2.468795990007492946e-01
2.467507490000571124e-01
2.479180000009364448e-01
2.526645799989637453e-01
2.507605729988426901e-01
2.592949019999650773e-01
2.586684709986002417e-01
2.572260249999089865e-01
2.611247309996542754e-01
2.583461880003596889e-01
2.585470430003624642e-01
2.529051999990770128e-01
2.483053039995866129e-01
2.505913960012549069e-01
2.482899750011711149e-01
2.474698930000158725e-01
2.472560229998634895e-01
2.481851600005029468e-01
2.552363459999469342e-01
2.563561489987478126e-01
2.496224650003568968e-01
2.471442039986868622e-01
2.471311990011599846e-01
2.559481169992068317e-01
2.595185600002878346e-01
2.558042079999722773e-01
2.598301920006633736e-01
2.531788919986865949e-01
2.568799079999735113e-01
2.597299940007360419e-01
2.577415579999069450e-01
2.536011809988849564e-01
2.549339020006300416e-01
2.502635439996083733e-01
2.486425349998171441e-01
2.475874119991203770e-01
2.471051219999935711e-01
2.510619959994073724e-01
2.558340039995528059e-01
2.589602560001367237e-01
2.577994370003580116e-01
2.565279709997412283e-01
2.562136139986250782e-01
2.525240979994123336e-01
2.485961580005096039e-01
2.476067690004128963e-01
2.463185010001325281e-01
2.470452999987173826e-01
2.478976020011032233e-01
2.518691249988478376e-01
2.499366629999713041e-01
2.466786139993928373e-01
2.473959950002608821e-01
2.503919339997082716e-01
2.489866079995408654e-01
2.467369130008592037e-01
2.470670300008350750e-01
2.473766590010200161e-01
2.482306149995565647e-01
2.513942569985374575e-01
2.558720060005725827e-01
2.571889560003910447e-01
2.579295199993794085e-01
2.604174490006698761e-01
2.586863939995964756e-01
2.560923170003661653e-01
2.490177259987831349e-01
2.498282200012909016e-01
2.510485109996807296e-01
2.534974770005646860e-01
2.555220010017364984e-01
2.561101699993741931e-01
2.561601739998877747e-01
2.570347290002246154e-01
2.592849640004715184e-01
2.545527500005846377e-01
2.539756509995640954e-01
2.467773090011178283e-01
2.481323010015330510e-01
2.516272030006803107e-01
2.499874290006118827e-01
2.479979409999941709e-01
2.487446759987506084e-01
2.508173690002877265e-01
2.499304920002032304e-01
2.469240030004584696e-01
2.472721239992097253e-01
2.469680160011193948e-01
2.484886480015120469e-01
2.502057270012301160e-01
2.503076369994232664e-01
2.471780880005098879e-01
2.473435379997681594e-01
2.507713230006629601e-01
2.500276239989034366e-01
2.472128730005351827e-01
2.472400139995443169e-01
2.474486240007536253e-01
2.479787339998438256e-01
2.513659240012202645e-01
2.500489039994135965e-01
2.470850650006468641e-01
2.475757520005572587e-01
2.521836430005350849e-01
2.567029090005235048e-01
2.561321820012381067e-01
2.592956949993094895e-01
2.563320050012407592e-01
2.569289410002966179e-01
2.624929289995634463e-01
2.595181400010915240e-01
2.609152209988678806e-01
2.568935650015191641e-01
2.595694859992363490e-01
2.559829829988302663e-01
2.471964129999832949e-01
2.511271589992247755e-01
2.483810369994898792e-01
2.489037129998905584e-01
2.511057589999836637e-01
2.488783959997817874e-01
2.477926470000966219e-01
2.478355769999325275e-01
2.514188940003805328e-01
2.496305919994483702e-01
2.538081389993749326e-01
2.584680769996339222e-01
2.557259130007878412e-01
2.563332180016004713e-01
2.512365430011413991e-01
2.493559479989926331e-01
2.516706240003259154e-01
2.497107720009807963e-01
2.515691249991505174e-01
2.498486490003415383e-01
2.475593320014013443e-01
2.473650179999822285e-01
2.471975160005968064e-01
2.499427849998028250e-01
2.591151870001340285e-01
2.605800839992298279e-01
2.581731669997680001e-01
2.532111640011862619e-01
2.591824330011149868e-01
2.490127479995862814e-01
2.471183569996355800e-01
2.469414570005028509e-01
2.466704700000263983e-01
2.485789969996403670e-01
2.517301659991062479e-01
2.513054219998593908e-01
2.571041890005290043e-01
2.610748799997963943e-01
2.584996470013720682e-01
2.523903300007077632e-01
2.521154060013941489e-01
2.509994009997171815e-01
2.514050280005903915e-01
2.528405110006133327e-01
2.496831199987354921e-01
2.505626840011245804e-01
2.484023369997885311e-01
2.440570460003073094e-01
2.471553759987727972e-01
2.465362399998412002e-01
2.438032720001501730e-01
2.442213630001788260e-01
2.441819199993915390e-01
2.457588670004042797e-01
2.472552029994403711e-01
2.463529470005596522e-01
2.439160930007346906e-01
2.442562390006060014e-01
2.476620439992984757e-01
2.471261720002075890e-01
2.438130700011242880e-01
2.443242959998315200e-01
2.447552209996501915e-01
2.452395469990733545e-01
2.454639759998826776e-01
2.463129520001530182e-01
2.438934809997590492e-01
2.437018119999265764e-01
2.495810500004154164e-01
2.521354130003601313e-01
2.515952339999785181e-01
2.505270780002319952e-01
2.468715169998176862e-01
2.516705849993741140e-01
2.546552829990105238e-01
2.525666189994808519e-01
2.475893980008549988e-01
2.489330390017130412e-01
2.554782309998699930e-01
2.522959729994909139e-01
2.497600739989138674e-01
2.516573600005358458e-01
2.510378730003139935e-01
2.509554490006848937e-01
2.503971260011894628e-01
2.485305569989577634e-01
2.489042460001655854e-01
2.484429130017815623e-01
2.512487969997891923e-01
2.500405489990953356e-01
2.485798889993020566e-01
2.483721309999964433e-01
2.505401630005508196e-01
2.484244089991989313e-01
2.533505450010125060e-01
2.490742129994032439e-01
2.556418269996356685e-01
2.535487850000208709e-01
2.522429749988077674e-01
2.490513699995062780e-01
2.513830880016030278e-01
2.498282019987527747e-01
2.496848240007238928e-01
2.480373060006968444e-01
2.528752870002790587e-01
2.541841419988486450e-01
2.508523560009052744e-01
2.488916820002486929e-01
2.510715570006141206e-01
2.493488470008742297e-01
2.500246089985012077e-01
2.489883929993084166e-01
2.490342689998215064e-01
2.513368609997996828e-01
2.529906419986218680e-01
2.504237749999447260e-01
2.475228639996203128e-01
2.515702179989602882e-01
2.511161389993503690e-01
2.527464560007501859e-01
2.500989180007309187e-01
2.525027909996424569e-01
2.488872439989791019e-01
2.528191319997858955e-01
2.527716829990822589e-01
2.526064040011988254e-01
2.493080909989657812e-01
2.523505369990743930e-01
2.513188579996494809e-01
2.522453700003097765e-01
2.492853590010781772e-01
2.508790369993221248e-01
2.504064830009156140e-01
2.510111729989148444e-01
2.538972270012891386e-01
2.502030430005106609e-01
2.493125889996008482e-01
2.487888499999826308e-01
2.517885359993670136e-01
2.501249169999937294e-01
2.489913089993933681e-01
2.482322399991971906e-01
2.506491879994428018e-01
2.508199059993785340e-01
2.545748939992336091e-01
2.503825389994744910e-01
2.511417269997764379e-01
2.496196530009910930e-01
2.534564730012789369e-01
2.519720990003406769e-01
2.515812789988558507e-01
2.493628129996068310e-01
2.496019299996987684e-01
2.494366709997848375e-01
2.522023389992682496e-01
2.485384020001220051e-01
2.490387279995047720e-01
2.487204230001225369e-01
2.511978029997408157e-01
2.469228930003737332e-01
2.439143510000576498e-01
2.437089270006254083e-01
2.445484159998159157e-01
2.453865930001484230e-01
2.463610729992069537e-01
2.463980230004381156e-01
2.449960230005672202e-01
2.499272879995260155e-01
2.530164409999997588e-01
2.540878330000850838e-01
2.510245489993394585e-01
2.513084500005788868e-01
2.495008410005539190e-01
2.508087950009212364e-01
2.529473220001818845e-01
2.512773909984389320e-01
2.517538520005473401e-01
2.488579199998639524e-01
2.522207340007298626e-01
2.503108549990429310e-01
2.492862409999361262e-01
2.485772449999785749e-01
2.505117910004628357e-01
2.493687839996709954e-01
2.537195349996181903e-01
2.504216830002405914e-01
2.529099020011926768e-01
2.509392100000695791e-01
2.545657569989998592e-01
2.509623830010241363e-01
2.524676759985595709e-01
2.490831510003772564e-01
2.523951210005179746e-01
2.521837360000063200e-01
2.544786049984395504e-01
2.513503280006261775e-01
2.517850510012067389e-01
2.494894709998334292e-01
2.538504000003740657e-01
2.519866470011038473e-01
2.502965489984489977e-01
2.497416620008152677e-01
2.505464450005092658e-01
2.532678609986760421e-01
2.526682110001274850e-01
2.505883540015929611e-01
2.501708439995127264e-01
2.505674849999195430e-01
2.522202939999260707e-01
2.526663270000426564e-01
2.492771239994908683e-01
2.515018909998616436e-01
2.484498779995192308e-01
2.500523220005561598e-01
2.516286580012092600e-01
2.526360009997006273e-01
2.493036830001074122e-01
2.516577830010646721e-01
2.534193040009995457e-01
2.554155850011738949e-01
2.521444320009322837e-01
2.553541109991783742e-01
2.556198570000560721e-01
2.549700529998517595e-01
2.565021259997593006e-01
2.501740299994708039e-01
2.480197940003563417e-01
2.480763900002784794e-01
2.512958560000697616e-01
2.552146499983791728e-01
2.516312629995809402e-01
2.491962030017020879e-01
2.494535030000406550e-01
2.490629630010516848e-01
2.537626459998136852e-01
2.507894499995018123e-01
2.497139000006427523e-01
2.488512679992709309e-01
2.529539360002672765e-01
2.507042309989628848e-01
2.511990049988526152e-01
2.508686679993843427e-01
2.523381139999401057e-01
2.478151420000358485e-01
2.474800559994037030e-01
2.457036360010533826e-01
2.436784709989296971e-01
2.442347610012802761e-01
2.478959029995166929e-01
2.449930180009687319e-01
2.437161620000551920e-01
2.440795900001830887e-01
2.442051460002403473e-01
2.456730590001825476e-01
2.480342710005061235e-01
2.457780749991798075e-01
2.437385829998675035e-01
2.443591629998991266e-01
2.463052709990734002e-01
2.468052840013115201e-01
2.442904749987064861e-01
2.442778309996356256e-01
2.439959439998347079e-01
2.452706069998384919e-01
2.464490789989213226e-01
2.461723920005169930e-01
2.434787780002807267e-01
2.439675709993025521e-01
2.484198620004463010e-01
2.449806549993809313e-01
2.435701490012434078e-01
2.444714529992779717e-01
2.441005199998471653e-01
2.455416530010552378e-01
2.481101030007266672e-01
2.456344459988031304e-01
2.438710810001794016e-01
2.442884819993196288e-01
2.457150070003990550e-01
2.471789430001081200e-01
2.441909989993291674e-01
2.436838009998609778e-01
2.435837649991299259e-01
2.448413149995758431e-01
2.484026099991751835e-01
2.461616719992889557e-01
2.436770790009177290e-01
2.435848969998914981e-01
2.483605219986202428e-01
2.450109710007382091e-01
2.435903669993422227e-01
2.442404419998638332e-01
2.443882480001775548e-01
2.454187339990312466e-01
2.477905359992291778e-01
2.465313229986350052e-01
2.438233630000468111e-01
2.447283439996681409e-01
2.480785439984174445e-01
2.460189949997584336e-01
2.438932429995475104e-01
2.441426689983927645e-01
2.443647950003651204e-01
2.452766280002833810e-01
2.480471159997250652e-01
2.459329749999596970e-01
2.437881160003598779e-01
2.443488340013573179e-01
2.460789180004212540e-01
2.464022320000367472e-01
2.434226939985819627e-01
2.433879689997411333e-01
2.438793269993766444e-01
2.443420720010180958e-01
2.481834610007354058e-01
2.462015169985534158e-01
2.436629629992239643e-01
2.438030240009538829e-01
2.458706380002695369e-01
2.468166270009533037e-01
2.442397309987427434e-01
2.436859059998823795e-01
2.434616560003632912e-01
2.451266280004347209e-01
2.483027529997343663e-01
2.467443509995064232e-01
2.443877780006005196e-01
2.441102280008635717e-01
2.481079400004091440e-01
2.555117259998951340e-01
2.525447899988648714e-01
2.457512130004033679e-01
2.442013710005994653e-01
2.460546809998049866e-01
2.481167959995218553e-01
2.445185699998546625e-01
2.463563159999466734e-01
2.499913999999989755e-01
2.504966439992131200e-01
2.488498559996514814e-01
2.495582400006242096e-01
2.479261410007893573e-01
2.488608469993778272e-01
2.500944830007938435e-01
2.518018930004473077e-01
2.485458780010958435e-01
2.483397529995272635e-01
2.524956699999165721e-01
2.509442810005566571e-01
2.492251179992308607e-01
2.540027359991654521e-01
2.548377370003436226e-01
