9.830084109306335138e-01
7.630975472927093994e-01
6.105417048931122137e-01
5.996941947937011186e-01
5.922407054901123180e-01
5.821695709228515980e-01
5.692127704620361106e-01
5.498699486255645974e-01
5.219902884960174738e-01
4.995184695720672474e-01
4.870537567138671919e-01
4.790440374612808250e-01
4.746067935228348023e-01
4.709446024894714533e-01
4.668259733915329224e-01
4.621204936504363925e-01
4.566057634353637429e-01
4.503019690513611062e-01
4.432977479696273981e-01
4.357131630182266013e-01
4.275750017166137784e-01
4.190388965606689498e-01
4.103503555059432872e-01
4.021993678808212236e-01
3.952132767438888417e-01
3.899571710824966675e-01
3.863359165191650457e-01
3.881728112697601096e-01
3.840964800119400224e-01
3.790878087282180675e-01
3.742206025123596125e-01
3.717344069480896240e-01
3.678322678804397672e-01
3.655398035049438610e-01
3.610305362939834617e-01
3.583632916212081687e-01
3.544216459989547596e-01
3.516740208864211903e-01
3.471468514204025246e-01
3.434852027893066650e-01
3.397294855117797829e-01
3.360537397861480535e-01
3.318166464567184337e-01
3.276340150833129683e-01
3.242358911037445113e-01
3.207667142152786366e-01
3.173531860113144032e-01
3.115680241584777854e-01
3.073122400045394942e-01
3.029886829853057906e-01
2.949580919742584295e-01
2.909197324514389282e-01
2.882280939817428722e-01
2.854291772842407204e-01
2.829353672266006203e-01
2.802843409776687444e-01
2.778715705871582231e-01
2.752996736764907748e-01
2.729217845201492576e-01
2.704836004972457908e-01
2.680718004703521729e-01
2.657506889104843117e-01
2.632811903953552468e-01
2.610856884717941417e-01
2.584755367040634244e-01
2.564714273810386747e-01
2.537637335062026822e-01
2.519911092519759865e-01
2.490651839971542436e-01
2.473632159829139698e-01
2.443903478980064270e-01
2.428819960355758645e-01
2.398367968201637335e-01
2.383180037140846252e-01
2.353436988592147727e-01
2.339200341701507535e-01
2.309921067953109863e-01
2.294815653562545799e-01
2.267568704485893316e-01
2.251898750662803539e-01
2.226365461945533641e-01
2.209993079304695129e-01
2.186797195672988969e-01
2.172013750672340260e-01
2.147131669521331887e-01
2.132802948355674855e-01
2.109781333804130465e-01
2.098684889078140381e-01
2.072819218039512745e-01
2.062062564492225525e-01
2.037509658932685763e-01
2.028835168480873086e-01
2.002996477484703108e-01
1.995805796980857916e-01
1.970060786604881375e-01
1.963225620985031006e-01
1.938284257054329052e-01
1.931173339486122187e-01
1.907615506649017467e-01
1.899345409870147605e-01
1.861794555187225308e-01
1.855108553171157804e-01
1.843801197409629944e-01
1.837892219424247797e-01
1.828207883238792408e-01
1.821614262461662415e-01
1.812691241502761841e-01
1.805743631720543030e-01
1.797263610363006581e-01
1.790520805120468240e-01
1.782285690307617299e-01
1.775771924853324912e-01
1.767458832263946455e-01
1.761826837062835660e-01
1.753301948308944591e-01
1.748287779092788652e-01
1.739529812335968151e-01
1.735586360096931513e-01
1.726275461912155085e-01
1.722707200050354048e-01
1.713296175003051758e-01
1.709326177835464589e-01
1.700434055924415488e-01
1.696315911412239197e-01
1.687824234366416820e-01
1.683580812811851513e-01
1.675109550356864985e-01
1.671260786056518455e-01
1.663176089525222889e-01
1.659200054407119762e-01
1.651244580745697133e-01
1.647513586282730036e-01
1.639790180325507996e-01
1.636071792244911116e-01
1.628221917152404830e-01
1.624764963984489385e-01
1.617197215557098500e-01
1.613854488730430692e-01
1.606146031618118364e-01
1.603292974829673700e-01
1.595633560419082719e-01
1.592677751183509960e-01
1.585234248638153209e-01
1.582264897227287359e-01
1.574943491816520602e-01
1.572345912456512562e-01
1.564899221062660273e-01
1.562100240588188138e-01
1.555193701386451688e-01
1.552372801303863459e-01
1.549242967367172319e-01
1.544876351952552684e-01
1.535206297039985734e-01
1.530588701367378290e-01
1.527412894368171681e-01
1.524181041121482894e-01
1.521109792590141230e-01
1.518238431215286344e-01
1.515382480621337846e-01
1.512747609615325839e-01
1.510153037309646673e-01
1.507514134049415533e-01
1.505228146910667364e-01
1.502657461166381769e-01
1.500323048233985768e-01
1.497762423753738470e-01
1.495418751239776523e-01
1.493012267351150613e-01
1.490835323929786682e-01
1.488319250941276539e-01
1.485861551761627208e-01
1.483397743105888400e-01
1.481115663051605358e-01
1.478773620724677940e-01
1.476383405923843428e-01
1.474024713039398249e-01
1.471665543317794700e-01
1.469476240873336670e-01
1.467259722948074385e-01
1.464945408701896767e-01
1.462512508034706227e-01
1.460190305113792386e-01
1.458087718486785755e-01
1.456042125821113697e-01
1.453743615746498075e-01
1.451482117176055853e-01
1.449223271012306247e-01
1.447251883149147100e-01
1.445114824175834645e-01
1.443005096912383933e-01
1.440740793943405262e-01
1.438696074485778797e-01
1.436415344476699718e-01
1.434521821141243048e-01
1.432290366291999739e-01
1.430253264307975725e-01
1.427985364198684770e-01
1.426135092973709051e-01
1.423999479413032565e-01
1.421939668059349071e-01
1.414660358428955211e-01
1.416918748617172208e-01
1.415872558951377924e-01
1.414995127916336137e-01
1.413996958732605114e-01
1.413007745146751537e-01
1.411868250370025557e-01
1.410801053047180120e-01
1.409714841842651389e-01
1.408661291003227289e-01
1.407630434632301253e-01
1.406513896584510870e-01
1.405344045162200961e-01
1.404223877191543568e-01
1.403216832876205411e-01
1.402134773135185197e-01
1.401114118099212602e-01
1.400116252899169800e-01
1.399052256345748868e-01
1.398034831881523055e-01
1.396944186091423068e-01
1.395910155773162908e-01
1.394914543628692494e-01
1.393860021233558621e-01
1.392942568659782387e-01
1.391958397626876787e-01
1.390912833809852533e-01
1.389883908629417353e-01
1.388793390989303544e-01
1.387788918614387412e-01
1.386758360266685530e-01
1.385733821988105741e-01
1.384654414653778143e-01
1.383639445900917142e-01
1.382611438632011525e-01
1.381677690148353510e-01
1.380670845508575328e-01
1.379731771349906877e-01
1.378732836246490401e-01
1.377631708979606684e-01
1.376628288626670915e-01
1.375569972395896956e-01
1.374625492095947199e-01
1.373700097203254811e-01
1.372741538286209040e-01
1.371728771924972667e-01
1.370743575692176808e-01
1.369786447286605868e-01
1.368855983018875122e-01
1.367877462506294217e-01
1.366317245364189192e-01
1.366000291705131431e-01
1.365114098787307828e-01
1.364017403125762917e-01
1.363163796067237976e-01
1.362385195493698020e-01
1.361675477027892989e-01
1.361039263010025147e-01
1.360400924086570817e-01
1.359795957803726085e-01
1.359202617406845004e-01
1.358624306321144226e-01
1.358052587509155362e-01
1.357497301697730974e-01
1.356935444474220154e-01
1.356358817219734114e-01
1.355812010169029358e-01
1.355289146304130554e-01
1.354727342724800221e-01
1.354208540916442827e-01
1.353679072856903143e-01
1.353171125054359325e-01
1.352642232179641635e-01
1.352174246311187711e-01
1.351674219965934842e-01
1.351200878620147650e-01
1.350726073980331454e-01
1.350243502855300870e-01
1.349769887328148010e-01
1.349271318316459523e-01
1.348768413066863958e-01
1.348341044783592235e-01
1.347870990633964483e-01
1.347398641705513100e-01
1.346906521916389488e-01
1.346418860554695063e-01
1.345967739820480291e-01
1.345485949516296298e-01
1.344952028989791770e-01
1.344478693604469199e-01
1.343967759609222545e-01
1.343433603644371144e-01
1.342985850572586126e-01
1.342489928007125910e-01
1.341992622613906727e-01
1.341534027457237377e-01
1.341068825125694142e-01
1.340565448999404830e-01
1.340095171332359447e-01
1.339680823683738753e-01
1.337727960944175842e-01
1.337589293718338124e-01
1.337394827604293790e-01
1.337176704406738414e-01
1.336920282244682401e-01
1.336659952998161260e-01
1.336424151062965415e-01
1.336170983314514116e-01
1.335910531878471419e-01
1.335671365261077992e-01
1.335452756285667453e-01
1.335209295153617914e-01
1.334946647286415211e-01
1.334692314267158508e-01
1.334491020441055387e-01
1.334240114688873269e-01
1.334008467197418113e-01
1.333744224905967779e-01
1.333506086468696505e-01
1.333259612321853749e-01
1.333011049032211404e-01
1.332765349745750338e-01
1.332538643479347362e-01
1.332291528582572882e-01
1.332048419117927429e-01
1.331813597679138150e-01
1.331587490439415100e-01
1.331345456838607666e-01
1.331113329529762246e-01
1.330862340331077642e-01
1.330609282851219211e-01
1.330383947491645680e-01
1.330134475231170565e-01
1.329882809519767894e-01
1.329635730385780312e-01
1.329368805885314808e-01
1.329110026359558161e-01
1.328884428739547652e-01
1.328661489486694380e-01
1.328416591882705666e-01
1.328186255693435680e-01
1.327977156639099099e-01
1.327744024991989180e-01
1.327475744485855091e-01
1.327217370271682739e-01
1.327009937167167586e-01
1.326757150888442927e-01
1.326516333222389210e-01
1.326248884201049749e-01
1.326051366329193126e-01
1.325827935338020347e-01
1.323776111006736700e-01
1.323392277956008944e-01
1.323251298069954007e-01
1.323097440600395081e-01
1.322976467013358970e-01
1.322832846641540661e-01
1.322696185111999490e-01
1.322535294294357178e-01
1.322354167699813787e-01
1.322204694151878357e-01
1.322049826383590587e-01
1.321889790892601113e-01
1.321753296256065469e-01
1.321583843231201039e-01
1.321442839503288169e-01
1.321302127838134832e-01
1.321167859435081471e-01
1.321045154333114757e-01
1.320899543166160484e-01
1.320777529478073253e-01
1.320656287670135542e-01
1.320523372292518594e-01
1.320407465100288391e-01
1.320300719141960233e-01
1.320190212130546437e-01
1.320057556033134571e-01
1.319950467348098844e-01
1.319836685061454851e-01
1.319735255837440613e-01
1.319644558429718117e-01
1.319531670212745755e-01
1.319406160712242038e-01
1.319279536604881231e-01
1.319161194562911976e-01
1.319069242477416970e-01
1.318944677710533198e-01
1.318817129731178206e-01
1.318704894185066256e-01
1.318586605787277211e-01
1.318460792303085272e-01
1.318338850140571561e-01
1.318223783373832780e-01
1.318124067783355835e-01
1.318007612228393466e-01
1.317901337146759055e-01
1.317788189649581887e-01
1.317655333876609769e-01
1.317521041631698475e-01
1.317396804690361134e-01
1.316465565562248141e-01
1.315802732110023521e-01
1.315790000557899575e-01
1.315737763047218345e-01
1.315685260295867964e-01
1.315626123547554149e-01
1.315570977330207947e-01
1.315509396791458008e-01
1.315438362956047047e-01
1.315379706025123496e-01
1.315311700105667170e-01
1.315250909328460616e-01
1.315189045667648216e-01
1.315122765302658148e-01
1.315041917562484730e-01
1.314987292885780312e-01
1.314925932884216386e-01
1.314868244528770436e-01
1.314803004264831487e-01
1.314740291237831149e-01
1.314663457870483276e-01
1.314600175619125288e-01
1.314544036984443554e-01
1.314490881562233038e-01
1.314429959654808133e-01
1.314374953508377075e-01
1.314321687817573414e-01
1.314250019192695629e-01
1.314187172055244490e-01
1.314139938354492165e-01
1.314086955785751243e-01
1.314036518335342518e-01
1.313981842994690064e-01
1.313932028412818920e-01
1.313866287469863947e-01
1.313824036717414767e-01
1.313793262839317300e-01
1.313751083612441917e-01
1.313709774613380510e-01
1.313653451204299938e-01
1.313584530353546220e-01
1.313539966940879822e-01
1.313506209850311413e-01
1.313454231619834989e-01
1.313403293490409962e-01
1.313368198275566001e-01
1.313308718800544617e-01
1.313225245475768965e-01
1.313169485330581698e-01
1.313100102543830749e-01
1.312485373020172152e-01
1.312373152375221341e-01
1.312347534298896889e-01
1.312314960360526916e-01
1.312289094924926625e-01
1.312270644307136636e-01
1.312249121069908042e-01
1.312215885519981418e-01
1.312185299396514959e-01
1.312149810791015669e-01
1.312114986777305481e-01
1.312086638808250549e-01
1.312053799629211426e-01
1.312032249569893005e-01
1.311998873949050959e-01
1.311968529224395719e-01
1.311940193176269476e-01
1.311899331212043884e-01
1.311864423751830933e-01
1.311834800243377730e-01
1.311807188391685419e-01
1.311768671870231495e-01
1.311737516522407665e-01
1.311697533726692289e-01
1.311666199564933688e-01
1.311638909578323464e-01
1.311604037880897411e-01
1.311577287316322282e-01
1.311559924483299278e-01
1.311531254649162259e-01
1.311503958702087413e-01
1.311470103263855103e-01
1.311429378390312206e-01
1.311403861641883828e-01
1.311342719197273188e-01
1.311317184567451499e-01
1.311288264393806469e-01
1.311254024505615345e-01
1.311225339770317189e-01
1.311196902394294872e-01
1.311166483163833663e-01
1.311139601469039906e-01
1.311111819744110174e-01
1.311074155569076638e-01
1.311048156023025546e-01
1.311016961932182368e-01
1.310991767048835799e-01
1.310967567563056935e-01
1.310940048098564181e-01
1.310911545157432689e-01
